,Adjectives
0,궁금했어요
3,당당하게
4,황홀했습니다
6,깜찍하면서도
7,발랄하고
8,훌륭한
9,대단하다는
10,멋지고
11,황홀한
12,좋았던
15,빠르고
16,재미있게
17,더웠어요
18,싫을만큼
19,시원함과
20,안될
21,멋진
22,멋졌어요
25,있으시고
26,조화로운
27,즐거운
28,넘쳐
29,넘치시고요
31,멋지지
33,좋으셔서
34,깊지만
35,깊은
36,있었는데요
37,굉장하더라고요
38,화려한
39,화려하지
40,화려한
41,재밌고
44,멋진
45,대단한
47,멋져용
48,부럽고
49,고픔
50,멋져요
52,재미있어요
53,화려했어요
54,재미있었고
55,완벽하게
56,없던
57,안되었었고
58,신나고
60,작아
62,아쉬웠네요
65,신나고
66,즐겁게
67,통쾌함으로
70,신나고
71,멋있었다
72,아름다웠고
75,좋겠다라는
76,멋진
81,유명한
82,다르긴
83,다르더라구요
84,멋있고
87,재밌고
89,좋아해서
90,괜찮게
91,민망했습니다
92,화려하진
95,멋있었고
97,좁아서
98,다양한
99,힘들었고
100,심해서
101,아쉬운
104,있다는거
105,같은거
106,있잖아요
107,그랬나
108,같은걸
109,훌륭하고
110,아쉬웠을거
111,같구요
113,불편했고
116,높네요
117,좋아한지라
118,기대하고
119,충분히
120,멋졌음
122,괜찮은
126,익숙해
128,설레게
129,신나게
135,사랑스럽고
138,안되는
139,당당하게
140,없다기
143,특이한
145,신선한
146,독특한
147,착한
149,아닐지도
151,단순하지
152,있던가
153,얄밉다가도
154,사랑스러워지는
155,섹시하다
157,있느냐고
158,대단한
159,있죠
160,멀게
161,기대하고
162,여전했습니다
163,멋지고
164,있는듯
165,멋진
167,재미있게
168,멋지고
169,대단했습니다
171,많지
173,아쉬웠지만
174,즐거운
176,원했던
178,실망했지만
179,뛰어난
183,새로운
184,멋진
185,가까웠으면
186,좋았을걸
189,재밌었고
190,재밌어요
192,없었지만
193,기대했던
194,멀었던
197,귀엽고
198,깜찍했고
199,엄청나게
200,멋졌습니다
201,유명한
202,멋진
203,색다르고
205,화려한
208,좋앗습니다
210,좋았다고
211,불편하다는
213,괜찮더라구요
214,아쉬워요
217,궁금한데
218,즐거운
220,즐겁고
221,벅찼던
222,있어야지
224,멋진
226,멋있네요
227,기대했던
228,좋았던
231,흥미로운
236,흥겹고
237,섹시한
239,흥겹게
240,반해
241,부족하다
242,있었으나
244,재밌었습니다
245,유명해서
246,없구요
247,놀라웠습니다
248,아쉬운건
249,생생하게
250,있었을것
254,멋진
259,식상할
267,만족하면서
270,즐겁게
272,좋았네요
273,만족한
275,원하는
277,재미있게
278,재미있고
279,멋졌습니다
280,괴롭긴
281,멋진
282,있었는지를
283,아름다웠습니다
286,다르더라구요
287,신나는
288,즐거운
289,불타는
290,안좋은
291,좋았다며
292,좋앗긴
293,놀랬고
294,좋았던
298,좋겠다는
299,신나게
302,아쉬운듯
303,훌륭했지만
304,자연스럽지못한
306,오만했던
307,오래되서
311,좁고
312,답답하게
313,좁았다
314,같았다
316,즐거웠던
317,돈독한
318,특별한
319,화려한
321,탁월한
326,멋진
327,풍부한
328,화려한
329,섬세하고
330,새로운
331,섹시하고
332,강렬했던
333,귀여운
335,신났어요
336,자세한
337,재미있게
339,아쉽게
340,지루했던
341,같기도
342,즐겁
343,동일한
346,솔직한
347,벅차
348,앙큼한
349,변하고
350,변하고
351,변하셨는데요
352,중요한
353,같았답니다
357,유명한
358,좋을
359,화려한
360,얄밉지만
361,귀엽고
363,좋았구요
364,자리는
365,괜찮았습니다
366,많습니다
367,어느새
369,짙은
370,높게
376,좋았는데
377,멋진
379,아쉬웠습니다
380,그러는것도
384,꾸준히
385,있었네요
386,식상할
387,재미있어요
388,넓고
389,만족했습니다
390,좋아하시네요
391,유쾌하고
392,똑같
393,똑같
394,같다고
395,저렴하니까
399,탄탄했습니다
401,화려하게
403,아닙니다
404,화려한
406,훌륭한
409,이상해
412,없는지
413,그러한
415,아닌지
416,적절하게
417,중요한
418,순수한
420,원했고
421,순수한
422,철저히
423,힘든
424,미있는
425,유명한
426,어느새
429,아찔했어요
432,아니여서
433,아쉽
434,멋지신
435,꾸준히
437,스러웠다
439,신기했어요
440,좋앗음
441,아쉬웠네요
442,죄송해요
444,길면
445,아쉽네요
447,좋았
451,아쉬었습니다
455,있기까지는
457,대단하신듯
458,유명한
459,가득한
460,화려함
463,개운해지고
464,상쾌해지는
466,지루하지
467,아쉬웠습니다
470,무거울
471,재밌어서
472,많았네요
473,멋지고
474,스러
478,노래말
479,부족했습니다
480,어땠는지는
481,부족하지
482,아니였으면
483,즐겁게
485,놀랬고요
490,같은거
491,좋아해서
493,깊었습니다
497,신나는
498,없는듯
499,당당함이
500,멋있던
501,화려한
502,없이도
503,재미있다는
505,오래된
507,편하지
509,활기찬
510,기대했는데
512,재밌습니다
513,지루하지
514,멋진
516,유명해진
518,멋진
519,훌륭한
521,있는것도
522,신선했구요
523,즐거웠던
524,작아
526,만족했어요
527,기대한
528,기대하고
529,재밌었습니다
530,좋았구요
532,어색했지만
533,좋더라구요
536,멋져요
538,저렴하고
541,화려한
543,재밌었어요
545,미치지
547,낯설었던듯
548,재밌었습니다
549,없었구요
550,힘듭니다
551,신기했습니다
552,화려한
553,멋지더라구요
554,화려했습니다
555,기대한만큼
556,멋졌어요
557,귀엽게
558,신나고
559,즐거운
560,멋진
563,신선했습니다
564,많았기
565,노련함과
566,대단한
567,아쉬웠던
570,기대했던것보다
571,화려하진
573,유명한
574,기대하고
575,예뻤다는
576,저렴한
578,고마웠다
580,신나는
581,재미있어요
582,좋지
584,나쁘지는
586,비싸서
588,화려한
589,기대했었는데
590,화려함을
591,아쉽네요
592,가득했던
593,아쉬웠지만
595,즐거웠습니다
596,미흡했어요
597,없었다고나
598,귀여운
599,미흡했구
600,신나지도
601,재미없어요
604,벅찬
605,촌스럽지만
606,멋져서
607,새로운
608,멋져요
610,아름다운
612,밋밋하지도
613,멋졌구요
614,역실
615,즐겁게
616,좋았는데
617,아쉽긴
619,친한
621,그러더라구요
623,재미있고
624,좋았다고
625,어땠을까요
628,멋있었습니다
631,차분한
633,좋아하시는
634,즐거울
635,화려한
638,좋았던
640,설레는
643,아쉬운
644,아쉬웠고
645,이로인해
646,없었다는
647,비싼
648,어떨까
649,정확해
650,아니었던가
651,무섭게
652,지루하지
655,기대한만큼
656,아쉬운
657,성하게
658,값진
659,빠른
660,좋겠다
661,재밌었어요
662,불편할
663,멋있게
665,대단했구요
667,예쁘고
668,훌륭했습니다
669,있었네요
672,멋진
673,즐거운
674,설레는
675,대단하더라구요
676,없다고
677,있던데
678,재밌고
679,다양하더라구요
681,맛있는
684,만족할만
685,만족할
686,오래된
687,아니었던게
688,아쉬웠지만
689,재밌었네요
692,익살스럽고
696,같더라고요
697,비싼
698,있더라고요
699,편했다는
702,편안한
703,시원시원한
705,기대했던대로
706,탄탄했구요
711,자리는
713,괜찮았습니다
714,탄탄하고
716,즐겁고
717,즐거웠습니다
718,기대했던
719,유명한
720,흥겨워하며
721,끝없네요
722,즐겁게
723,아쉽네요
724,부족한듯
725,훌륭했는데
727,멋진
729,좋더라구요
730,즐거운
731,있었구요
732,재미있었네요
734,지루할
738,좋았기
739,다른건
740,좋겠지
742,익숙하게
743,같구요
744,화려한
745,지루한건
746,없더라구요
747,재미있게
748,멋지셨습니다
749,아닌데
750,어떨까
751,귀엽고
752,미워할
754,멋진
755,화려한
756,화려한
757,화려한
758,풍부하게
759,아쉬웠다
760,재미있게
762,재미있네요
763,즐겁게
764,뛰어났구요
766,귀엽고
767,사랑스러워서
768,딱이었습니다
769,반하고
770,섹시하고
771,멋져서
772,재미있는
773,멋지고
774,재밌는
775,아쉽다는
778,같구
782,깊에
783,재밌었습니다
785,아니여서
786,신나고
787,재미있는
791,화려했고
793,좋았고요
796,좋아했고
801,확실한
805,신선한
806,귀엽고
807,앙증맞은
808,있었나
809,발랄한
810,있으나
812,젊은
813,어땠을까
815,대단했어요
816,멋졌어요
818,섹시한
819,스럽네요
820,상당히
821,어렵다고
822,아니셔셔
823,아쉬운
826,없도록
827,알찼어요
828,자연스러운
830,멋있었어요
831,재미있는
832,기대하지
833,이뿌고
835,저렴하게
836,재밌었어요
839,기대했던대로
840,화려하고
841,멋진
843,재미있었고
847,없었기
849,시원한게
851,없었는데
852,지루할
853,재밌네요
854,허무하긴
855,유명한
856,멋진
857,멋진
858,멋졌어요
861,안되겠단
862,가난한
863,못지않게
865,재밌었어요
866,재밌었습니다
867,아쉬운건
868,좋지
869,아쉽네요
870,좋을
871,오붓하게
873,멋져요
874,고마워
876,멋진
877,화려한
878,멋있구요
879,더운
880,시원한
881,넓고
882,좋더라구요
883,좋을것
885,기대하고
886,친숙하고
889,어떨까
890,기대하면서
891,좋을
892,같아여
893,아쉬웠던
894,불안했지만
895,사랑스러웠어요
896,사랑스러운
897,예쁘시더라구요
898,예쁘시고
899,어떨지
900,아쉬운
901,즐거운
904,아쉬운
906,좋았을
907,까마득해서
910,어색하고
911,서먹한
913,영원히
915,지루한
918,힘겨운
920,우울했던
922,안락한
925,좋을
926,없을만큼
927,벅차게
929,영원히
937,화려하긴
938,지루하
941,재밌었던것
943,무겁지
944,쾌활하면서
945,재밌어서
946,즐거웠다
948,인한
950,충분했으며
951,신선했고
953,멋진
954,멋진
955,재미있었지만
956,노련한
957,멋있었습니다
961,멋진
963,자세히
964,깊은
965,원하던
966,만족했습니다
968,좋더라구요
969,놀랬어요
970,작아서
971,아쉬웠답니다
973,있으
974,멋진
975,화려하고
977,지루한
981,즐거운
982,뛰어나서
983,멋있구요
984,아쉬웠다는
985,아쉬운건
986,작다는거
987,기대함
988,색다른
989,사랑스러운
990,새로웠습니다
991,좋고요
992,엄청난
993,재미있고
994,짜릿하고
995,즐거웠습니다
996,아깝지가
997,훌륭하고
998,화려한
1000,아쉬웠습니다
1001,다르네요
1002,멋있었으나
1003,화려한
1004,기대했던것
1005,스러웠습니다
1008,약하지
1010,아쉬운
1012,불편했습니다
1014,멋있고
1015,재미있고
1016,멋지게
1017,귀엽고
1018,사랑스러웠으며
1019,신나는
1020,못지않게
1023,신나고
1024,멋진
1025,있었고
1027,야한
1028,민망하긴
1029,있었구
1030,섹시하면서
1031,필요할듯
1032,기대하고
1035,있더라구요
1037,좋았구요
1038,적절한
1039,없게
1040,멋진
1041,활기차게
1045,재미있었습니다
1048,재미있었던거
1051,화려한
1054,완벽한
1055,멋진
1058,강한
1059,있긴
1060,지루하지
1061,즐거웠습니다
1063,같으나
1065,아쉽네요
1066,대단한
1067,멋지
1068,멋진
1070,좋았던것
1071,같고요
1072,귀여웠어요
1073,즐거운
1075,유명하신
1076,귀엽게
1077,섹시하게
1081,멋진
1082,있기에
1084,신나는
1087,완벽한
1090,이뻐요
1091,멋진
1092,덥고
1093,짜증나는
1095,즐거운
1096,지루하지
1097,재밌었어요
1098,화려하고
1100,솔직한
1101,짱짱하다는
1102,흥겹
1103,같은것이
1104,아쉬웠어요
1105,화려한
1107,비싼
1108,저렴한
1109,편히
1110,아깝단
1112,멋진
1113,반해
1115,대단하신듯
1116,멋졌구요
1117,부족한
1118,없었던거
1120,좋구
1121,재밌었어요
1122,재미있게
1125,설레였고
1126,설레였습니다
1127,화려한
1128,멋진
1130,멋진
1131,반하면서
1132,멋진
1133,고맙고
1134,강해서
1136,강한
1137,지루한
1139,아니여서
1140,그랬던
1141,즐거운
1142,재미있고
1143,싫을
1144,유쾌한
1145,행복했습니다
1148,즐거웠습니다
1149,멋진
1150,미치네요
1152,지루한지
1154,높으신
1157,미는
1159,소소한
1160,화려한
1161,즐겁게
1163,아름다운
1165,아쉽지만
1167,즐거
1168,즐거운
1170,역은
1173,좋았구요
1176,화려하고
1177,섹시했던
1178,흠잡을
1179,완벽했고
1180,지루하지
1183,멋져요
1184,신선하고
1185,재미있었네요
1187,멋있었어요
1189,굵은
1190,귀엽고
1191,잘맞는
1192,반했습니다
1193,기대하고
1194,실망하지
1195,기대하고
1196,허무함이
1197,있더라구요
1198,많았는데
1199,약했다는
1200,없더라구요
1201,작아서
1203,아쉽습니다
1205,순전히
1207,좋았지만
1208,아쉽네요
1209,기대한
1210,재밌었습니다
1211,새로운
1212,멋졌어요
1213,멋진
1214,대단해요
1215,유명한
1217,재밌고
1218,탄탄한
1220,성하고
1221,유쾌한
1222,화려하고
1223,세련된
1225,심심했다
1227,불편함
1228,즐거운
1231,강력하게
1232,다르다
1233,빠른
1234,신나는
1235,지루할
1236,없었음
1237,즐거운
1238,멋있습니다
1239,아쉬운
1240,멋진
1241,만족스러운
1242,훌륭하시던데요
1243,스러웠어요
1244,좋아하는
1247,재미있는지
1248,같지만
1250,생생합니다
1251,즐거웠습니다
1252,명확한
1253,섹시한
1255,즐거운
1256,황홀했습니다
1259,귀엽고
1260,사랑스러워용
1262,약하지만
1263,알찬
1264,뛰어나시더라구요
1265,좋으시고
1266,지겹지
1267,불편했고
1268,화려함이
1270,좋더라구요
1271,아니에요
1272,재밌어요
1273,재미있었어요
1274,신나는
1275,유쾌한
1276,즐거운
1277,조았던
1278,신선하고
1279,재밌었어요
1280,조았어요
1282,재밌었네요
1283,부족했다고
1284,아쉬워요
1285,행복한
1289,지루하지
1291,재미있게
1293,있었기
1294,놀라운
1295,지루하지
1296,단조롭게
1298,재미있게
1299,있었다는
1301,더운
1302,똑같은
1304,궁금했어요
1307,당당하게
1308,황홀했습니다
1310,깜찍하면서도
1311,발랄하고
1312,훌륭한
1313,대단하다는
1314,멋지고
1315,황홀한
1316,좋았던
1317,그렇고
1318,그렇고
1319,세련되고
1320,멋있었습니다
1323,세련된
1325,좋았구
1326,멋진
1327,무더운
1329,시원했다
1332,좋이한
1333,부러워하니
1334,만족스러웠던거보다
1335,좋았다고
1336,새로운
1337,화려하진
1339,좋았는데
1340,지루한으
1341,약한
1343,한적한
1345,즐거웠어요
1346,더운
1347,짜증날
1348,뻔했네요
1351,지루한
1352,많았습니다
1353,없으니
1354,심심하고
1357,덜했어요
1359,넓어서
1361,섹시하고
1362,새로운
1365,재미있게
1367,대단하신거
1371,즐거웠던
1372,안되는
1373,있었던거
1376,섹시한
1377,새로운
1379,멋진
1380,자리였고
1381,유머러스한내용
1384,아쉬웠답니다
1386,행복한
1388,더운
1389,신나고
1390,세련된
1391,좋았지만
1392,유머러스한
1395,반가웠습니다
1396,지루할
1397,없었던거
1399,자세히
1400,그러지
1401,아쉬웠었습니다
1402,재미있게
1403,재밌을
1405,아쉬웠던
1406,더웠다는
1408,시원하게
1409,좋았을텐데
1410,재미있고
1411,즐거운
1413,좋겠습니다
1415,풍부하고
1416,괜찮았어요
1417,기대했던
1418,아쉬웠습니다만
1419,새로운
1420,만족합니다
1422,대단하셨어요
1424,아쉬웠습니다
1425,오래되고
1426,유명한
1427,탄탄한
1428,풍부한
1429,만족합나다
1432,좋구
1433,좋구
1434,괜찮더라구요
1435,섹시하시고
1437,멋있는
1441,낮은음
1442,귀엽고
1443,천박하게
1444,섹시한
1445,앙이였는데
1446,멋지고
1447,귀엽고
1448,예쁜지
1449,멋진
1450,재미있었구요
1454,화려함이
1456,아쉬웠지만
1459,어마어마한
1460,놀랬습니다
1463,즐겁게
1464,좋으셔서
1466,재미있었습니다
1468,친근한
1469,재밌었어요
1470,부족하고
1471,불편한듯
1473,재밌는
1474,안좋을듯
1476,즐겁게
1477,재미있어요
1478,빠르고
1479,재미있을듯
1480,화려한
1481,즐거운
1483,많았지만
1486,힘들었다
1487,독특하고
1490,화려하게
1491,많은데
1495,아깝다는
1496,멋지게
1497,다름
1501,너무하셨습니다
1502,중요한
1503,대단한
1504,야할지
1506,안쓰러워서
1507,만족했고
1511,착하시고
1514,부족하였고
1515,힘든
1516,있었네요
1517,유명한
1518,즐겁고
1519,화끈한
1520,훌륭했구
1521,예쁘더라구요
1522,훌륭했구요
1523,있진
1524,멋지셨구요
1525,없었는데
1526,스럽고
1527,귀엽게
1528,만족한
1529,급하게
1530,재밌었다고
1534,재미있었습니다
1535,재밌네요
1536,재밌어
1538,멋진
1539,기대하고
1540,실망하실
1541,재밌고
1542,유쾌한
1544,지루하지
1545,아쉬울
1548,기대했는데
1549,멋있었어요
1550,지루한
1552,작아서
1553,같기도
1554,좋았지만
1555,부족하단
1556,아쉬웠어요
1558,재미있게
1559,화려한
1560,화려한
1561,원하시는
1562,지루할수도
1564,재미없다는
1565,있더라구요
1568,멋지구요
1570,좋아하고
1571,멋진
1574,딴딴하고
1577,기대하고
1578,기대했던것
1579,즐거운
1581,멋졌어요
1583,뜨거운
1585,재밌어요
1586,그렇고
1587,그렇고
1589,멋있었어요
1590,재미있습니다
1591,놀랬다
1592,완벽하였고
1594,아쉬운
1596,아쉬웠네요
1597,지루한데
1600,좋으니까
1602,귀엽고
1603,발랄하게
1604,좋았네요
1605,있으시다면
1607,아쉬웠던
1608,좋았구요
1609,즐거웠습니다
1610,대단하시더라고요
1613,섹시한
1614,즐거운
1615,좋았고요
1616,유명한
1617,없고요
1618,익숙하다
1620,즐거운
1621,좋았고요
1622,유명한
1623,없고요
1624,익숙하다
1626,즐거운
1627,좋았고요
1628,유명한
1629,없고요
1630,익숙하다
1632,재미있어요
1633,재미없으면
1634,스러웠소
1635,짜릿함이
1636,없었던것
1638,그랬던
1640,재미없지는
1641,뜨거운
1643,약한듯
1644,힘들어하는
1645,재밌었던
1646,좋았구요
1647,많다고
1648,흥겹고
1649,즐거웠습니다
1651,아니었다는
1652,괜찮아
1655,멋지더라구요
1656,멋지지만
1657,섹시한
1658,좋았구요
1659,즐거웠습니다
1661,넘치는
1663,아닐만큼
1664,엄청났다
1665,없을만큼
1666,뛰어났다
1667,아담했어요
1668,없더라구요
1670,즐거운
1671,멋진
1672,멋진
1673,멋진
1674,멋진
1675,멋진
1676,필요할까
1678,멋있었습니다
1679,지루할
1682,놀랬어요
1683,아쉬운
1684,단순하다는
1685,없었는데
1687,같더라구요
1688,유명하니까
1690,즐겁게
1691,유명한
1694,좁고
1695,빈약하네요
1696,좋았지만
1697,성한
1698,있구요
1699,약하고
1700,상당히
1701,좋더군요
1702,대단하시더군요
1704,기대하고
1705,그렇고
1706,그렇고
1707,실망하고
1708,없게
1710,대단하네요
1711,화려한
1712,익살스러운
1715,사랑스러운
1716,익숙한
1719,신나고
1720,즐거웠던
1721,동일한
1722,중요할텐데
1723,아닌데도
1725,지루한
1726,재미있긴
1727,귀여운
1728,귀여우면서도
1729,생생하고
1730,즐겁게
1731,기대했던것보다
1732,더운
1733,시원한
1735,아쉬운
1737,예쁠
1738,새로운
1739,독특했습니다
1740,반해
1741,없을꺼
1742,같았었는데
1743,귀여워
1745,좋아도
1746,싫어도
1747,많지
1748,화려한
1750,재미있는
1751,없으실꺼예요
1752,높아서
1754,힘들어
1756,즐거운
1758,재미있
1760,놀랬습니다
1761,재미있게
1762,스러워서
1764,괜찮았습니다
1765,좋아하던
1767,재미있게
1769,힘들어
1770,가까운
1772,오래된
1773,충분했습니다
1775,멋지게
1776,가난한
1777,자세히
1778,없었지만
1779,충분했습니다
1780,있다는게
1781,신기했고
1785,좋아하는
1787,잘맞기에
1788,잘맞더라구요
1790,앙증맞은
1791,멋진
1792,멋져요
1795,예쁘시다라구요
1796,심히하랴
1797,멋진
1799,그러다
1800,더군요
1801,힘든
1802,뭉클한
1803,기대했는데
1804,없더군요
1805,실망하기는
1807,재미있었던
1809,민망해하고
1812,아깝네요
1813,대단하단
1814,재밌고
1815,멋지고
1816,재미있고
1818,지루할
1820,편했지만
1821,뻔했어요
1822,미치지
1823,행복했답니다
1825,기대했던것
1826,즐겁게
1827,이쁘고
1828,있기
1830,독특했어요
1831,멋졌습니다
1835,신선하게
1836,유연하시고
1837,섹시한
1838,아쉬웠던
1839,빠른
1840,있더라구요
1841,멋졌습니다
1842,원하는
1844,귀여우셨습니다
1845,계시다고
1846,넘치는
1848,굉장한
1849,멋진
1850,변한것도
1853,신나지도
1854,나쁘지
1856,재밌었어요
1857,훌륭한
1858,신나고
1859,재미있는
1860,가볍게
1863,멋지고
1864,좋았지만
1865,멋지고
1866,색다른
1867,재미있게
1870,좋았다하니
1871,행복했습니다
1872,가볍고
1873,즐겁게
1875,복잡한
1880,화려하고
1881,즐거웠던
1882,힘들지
1883,편안히
1884,즐거운
1885,편하고
1887,좋겠네요
1888,재미있었고
1889,멋있었어요
1890,예쁘시더라구요
1891,깊었습니다
1893,좋았구요
1894,당연한
1895,아니었습니다
1896,실망한
1897,같았고
1898,멋졌습니다
1899,멋지게
1902,멋졌네요
1906,재미있게
1907,안되어
1908,아쉬웠는데
1909,시원한
1910,멋진
1911,반했습니다
1912,익살스러운
1913,귀여웠어요
1914,색다른
1916,필요없더군요
1918,귀엽다
1919,깜찍하다
1920,새로운
1924,좋아하시더군요
1926,유명한
1928,이쁘다
1929,아닌듯
1930,유명한
1932,이쁘다
1933,아닌듯
1934,화려한
1935,기대했었는데
1936,아쉽네요
1937,괜찮은
1939,있겠더군요
1941,깔끔하고
1942,훌륭했습니다
1944,귀엽
1945,자세히
1946,재미있었다
1947,괜찮았다
1949,재미있어요
1950,재밌었어요
1951,재밌는거
1953,유쾌하게
1954,능글능글한
1955,재밌었어요
1956,재밌으셨
1957,즐겁고
1958,신나는
1961,좋았구
1962,자세히
1963,있었구요
1964,괜찮아요
1965,멋진
1966,저렴하게
1970,재밌었다고
1971,기대하고
1972,멋졌구요
1973,만족합니다
1974,화려한
1977,빠르고
1978,재미있게
1979,황당했다
1981,멋진
1982,실망했어요
1983,똑같은
1984,심오함이
1985,부족한
1986,대단하시고
1987,멋졌어요
1988,좋았는데요
1991,아쉬웠네요
1993,그렇고
1994,훌륭했던
1995,같지도
1998,실망했습니다
1999,즐겁게
2000,그래요
2001,더웠어요
2002,싫을만큼
2003,시원함과
2004,안될
2005,멋진
2006,그랬는지
2008,있길
2011,신나고
2012,유쾌한
2013,만족스러웠지만
2014,저렴하게잘
2015,정확히
2017,나쁘지는
2018,정확해
2021,야하는
2023,설레는
2025,궁금했었는데
2026,멋진
2027,화려한
2028,튼튼한
2033,즐거운
2034,설레이더군요
2036,만족스러운
2037,불편한
2038,불편함
2039,즐겁게
2044,괜찮은
2045,재미있고
2049,완벽하게
2050,대단하다고
2054,재미있고
2055,화끈한
2056,무더운
2057,멋지고
2058,훌륭한
2059,좋지
2060,안좋은
2061,화려한것도
2062,아니라서
2063,강했지만
2067,좋지
2068,안좋은
2069,화려한것도
2070,아니라서
2071,강했지만
2075,아무런
2076,기대하고
2077,뻔하고
2079,많지
2080,화려했다
2081,화려한
2082,차갑고
2083,냉랭해
2084,뜨거
2085,멋졌어요
2086,있으셔서
2088,미흡해
2089,만족했어요
2090,귀엽고
2091,깜찍하고
2092,좋았구요
2094,답답해
2095,답답하고
2096,약하고
2097,짜증나더라구요
2098,멋지고
2099,화려한
2101,민망한
2103,재밌
2105,기발한
2106,좋을거
2108,대단했어요
2109,유머러스함까지
2110,만족스러웠습니다
2111,부족한
2112,화려함이
2115,부족한
2116,있었고
2117,나쁘단
2119,진한
2120,아쉬웠어요
2125,멋진
2126,수줍
2127,수줍
2128,놀랬지만
2129,재밌었습니다
2131,즐겁더라
2140,많은것
2142,대단한것
2145,놀라웠습니다
2146,답답했습니다
2147,좁은
2151,지루했음
2152,섹시하다하다하여
2153,섹시해지지
2154,좋았으나
2156,즐거웠습니다
2157,멋있고
2159,같다고
2160,즐거운
2163,좋구
2165,아쉬웠네요
2166,부족했다고
2171,같구요
2173,두드러지지
2175,그랬습니다
2176,같았는데
2177,막연한
2178,없다는
2180,완벽한
2181,필요할것
2183,예쁘고
2184,멋진
2185,악독한
2186,이뻐서
2188,좋겠다는
2189,더라구요
2190,드문
2191,편하고
2192,좋더라구요
2193,필요한듯
2196,익숙한
2197,이렇게나
2198,다르구나
2200,유명한
2201,기대했던거보다
2202,괜찮더라구요
2204,예뻤어요
2205,재밌었다고
2206,좋아하더라구요
2207,화려한건
2210,신나는
2211,세련된
2212,같아서요
2214,시원시원한
2216,딱이더군요
2218,못지않게
2220,멋있져요
2221,부러운
2223,시원하게
2224,부족한
2225,부족하다든지
2226,공평한게
2227,웬만한
2228,좁고
2230,불편하진
2231,편하지도
2232,있기
2233,그런게
2234,없는지
2237,같긴한데
2238,이상합니다
2239,좋았지만
2240,불안정했고
2243,심하게
2245,기대합니다
2246,있는것
2248,지루한
2249,신나는
2253,멋있었어요
2257,재미있고
2258,충분히
2260,유명해서
2261,유명한지
2262,같더라구요
2263,반해서
2264,아름다우세요
2265,더운
2266,시원한
2268,생생한
2272,가까웠음
2273,아니니
2274,좋았네요
2275,대단하시고
2278,가난한
2280,없더라구요
2281,편하게
2285,멋있었어요
2286,좋아하는
2287,멋있었지만
2288,멋있을
2290,훌륭하게
2291,좁은
2292,알차게
2294,멋져
2296,훌륭했어요
2297,없더더라구요
2298,아니라는
2299,귀여운
2300,아쉬운
2301,아니었습니다
2302,열악하더라고요
2303,훌륭했습니다
2304,좋았고요
2305,좋아했고
2307,아쉬운
2308,없지는
2309,멋있으시더라구요
2310,멋졌지만
2312,좋았구요
2313,즐거운
2314,멋진
2315,화려한
2316,없잖아요
2317,멋있어요
2318,멋진
2319,대단한
2320,멋졌어요
2321,멋져요
2323,탄탄하진
2324,실망했지만
2325,끝내줬습니다
2326,대단합니다
2327,멋진
2328,멋졌습니다
2329,아쉬운건
2330,아니었어요
2331,아쉽
2332,멋지
2334,뛰어나고
2335,만족해
2336,유명하여
2338,궁금했는데
2339,멋졌습니다
2341,작았지만
2342,훌륭했고
2345,기대했었는데
2346,지겹고
2347,지루한
2350,아쉽네요
2351,힘겨워
2352,좋았을텐데
2353,아쉬워요
2354,아니었지만
2356,멋지게
2358,멋진
2360,멋지더라구요
2361,만족스러웠습니다
2363,많아요
2364,비싸더라도
2365,만족했었는데
2367,스러운
2368,많습니다
2369,아니였는데
2372,아쉽네요
2373,지루해
2374,많더라구요
2375,월등히
2376,좋더군요
2377,같지는
2379,대단해
2380,아쉬웠구요
2381,같더라구요
2382,즐겁게
2383,완벽했습니다
2384,깜찍하고
2385,부족한면이
2386,야해서
2387,괜찮을것
2388,같다는
2389,힘든
2390,대단하다
2394,즐거운
2395,멋있었고
2396,없던
2398,지루했지만
2399,입니당
2400,아까웠을꺼
2401,같다는
2403,좋았지만
2405,즐거운
2407,저렴한
2408,즐겁고
2409,행복한
2411,필요하여
2412,재미있게
2413,흠잡을데가
2416,즐거웠다
2417,즐거운
2421,유명한데요
2422,화려한
2425,궁금해서
2427,미는
2428,같은게
2429,사랑스럽더라구요
2431,순수하면서도
2432,착한
2434,완벽했어요
2436,완벽하다고
2437,가까워서
2438,매웠다는
2439,민망할
2441,민망할
2442,있어서요
2445,만족하고
2446,아프지
2448,기대하며
2449,놀라웠다
2450,대단한
2451,아니었지만
2452,이쁘시더라구요
2453,재미있어서
2456,저렴하게
2457,좋았고요
2462,화려한
2463,멋진
2464,완벽하지
2465,없더군요
2468,예뻤어요
2469,귀엽더라구요
2470,섹시했어요
2471,즐거웠습니다
2473,신나고
2474,있으
2475,재미있었어요
2476,좋았고요
2477,없도록
2478,훌륭했어요
2480,뛰어남을
2481,귀여운
2484,멋진
2486,즐거웠습니다
2487,멋있었어요
2488,색달랐어요
2494,아쉽네요
2495,재밌고
2497,아쉬웠고
2498,화려한
2499,아쉬웠음
2500,좋았음
2507,재밌었어요
2508,유쾌하고
2509,섹시했던
2510,안되는
2511,필요없고
2512,섹시한
2513,멋있었어요
2514,예뻤어요
2515,좋았을걸
2516,좋았
2517,재미있다고
2518,좋아하는
2519,재미있었습니다
2520,괜찮은
2522,멋졌고
2524,멋졌습니다
2525,뜨거운
2527,탄탄한
2528,탄탄한
2531,좋죠
2532,기대하고
2534,섹시하고
2536,귀엽고
2537,섹시한
2538,귀엽고
2540,맛깔나는
2541,즐거운
2542,화려함은
2545,대단하시네요
2546,멋진
2547,재미있게
2548,기대했는데
2549,미쳤습니다
2550,여전하지만
2551,있으셔서
2553,좋아하는
2555,멋졌어요
2556,발랄한
2557,좋았답니다
2559,멋진
2560,화려한
2561,익숙하고
2562,아름다운
2564,화려한
2565,있다는게
2567,즐겁게
2568,멋지고
2570,즐겁게
2572,훌륭하게
2573,멋졌습니다
2574,멋졌어요
2575,멋있었습니다
2576,좋더군요
2578,다르더군요
2579,완벽히
2580,필요하겠습니까
2581,멋지십니다
2584,없었지만
2585,재밌진
2587,귀여우시고
2588,섹시하신
2589,멋지다
2590,사랑스럽다
2592,좋을줄
2593,있으니까
2594,어땠을까
2595,멋진
2597,멋진
2599,같구요
2600,필요없을
2601,훌륭했지만
2602,즐거운지는
2603,즐거웠습니다
2604,특별한
2605,아니었습니다
2607,그렇기에
2608,섹시하고
2609,그렇기에
2610,그렇기에
2611,짜릿하고
2612,화려하다
2613,화려하게
2614,유명한
2615,기대하고
2616,만족스러운
2617,만족스러웠던것
2619,머니를
2622,아찔한
2623,아찔한
2624,부럽습니다
2625,화려한
2626,재밌고
2628,추합니당
2630,궁금해졌
2631,넘치는
2632,없구요
2633,계셨을듯
2635,멋지고
2636,불편하지도
2637,좋았네요
2638,지루하지
2641,따뜻하게
2643,생생한
2644,있는건
2645,좋았지만
2646,허전한
2647,아쉬웠다
2648,좋았지만
2649,안타까
2653,재미있게
2655,멋지게
2656,멋진
2659,좋았던
2660,안타깝
2661,훌륭했습니다
2662,흥겨웠고
2664,지루했어요
2665,화려하지도
2666,재밌었어요
2667,괜찮음
2669,가까워서
2670,힘들고
2672,불안했습니다
2673,자세히
2676,아쉬웠구요
2677,상당히
2678,재밌고
2679,새롭지만
2680,어색하지
2681,기대하면서
2682,젊은
2683,멋졌구요
2684,뜨거운
2685,슬프더라구요
2686,불쌍한
2687,좋았답니다
2689,아찔해서
2691,즐거운
2692,어색함
2693,좋았지만
2695,단조로운
2696,있었고
2698,변한
2700,지루하지
2702,뛰어난
2707,깊었던
2708,좋았던
2709,유연하지
2710,뛰어나더군요
2712,좋아하는지라
2714,스럽더군요
2715,아쉬웠던것
2720,많아
2722,넘치는
2723,섹시함이
2724,가득한
2726,지루하네요
2731,필요없는
2732,화려한
2733,멋있었지만
2734,실망했어요
2735,아쉬워서
2740,만족하시네요
2741,재밌
2742,재미있었어요
2743,대단했거든요
2744,대단했어요
2746,좋았던거
2748,화려한
2749,엄청나더라구요
2751,아쉬웠지만
2752,멋진
2753,대단했습니다
2754,놀라웠고
2756,화려해서
2757,아쉬웠지만
2758,유명한
2761,더라구요
2762,그랬구
2763,유명한
2764,화려함이나
2765,알찬
2767,화려한
2769,불편해
2770,아팠다는
2772,화려한
2778,순진한
2779,당하며
2781,깊은
2782,즐거운
2783,더군요
2784,좋았을
2788,좋아하고
2789,흥분하더군요
2790,어렵지
2792,즐거운
2794,재밌습니다
2795,조화로운
2796,재밌고
2797,신나고
2800,화려한
2801,순진한
2802,당할
2805,깊은
2806,재밌었어요
2807,신날
2809,화끈한건
2810,뿐이었고
2811,신났어야
2812,지루한
2813,아쉽고
2815,아쉽게
2817,그런거
2818,같던데
2819,반해서
2820,멋진
2821,신나고
2822,섹시하고
2823,반해서
2824,좋아하게
2825,있더라고요
2826,독특했고
2830,재미있어요
2831,멋있구
2833,밋밋한
2838,화려하고
2839,기대했었는데
2840,스러웠다
2841,즐거웠어요
2842,힘든
2843,즐거웠어요
2844,멋진
2845,흐뭇한
2847,멋지십니다
2848,만연한
2849,강렬해서
2852,다름
2856,없게
2858,좋아해서
2862,아쉬운
2864,안되어
2865,좋아해서
2866,없었는데
2868,아쉬웠습니다
2870,좋았을텐데
2871,부족했다고
2872,훌륭했습니다
2873,좋았구요
2877,즐거웠구요
2878,멋진
2880,기대하고
2881,불편한
2882,재미있었고
2883,없었는데
2886,있기
2888,좋더라구요
2889,다양해서
2890,귀엽고
2891,섹시할
2892,섹시하고
2893,답답하기도
2894,화려한
2895,안되네요
2896,원하던
2898,재미있었습니다
2901,남달랐고
2902,친숙한
2904,섹시하면서도
2906,재미있었습니다
2909,있으
2910,재밌었어요
2911,넘치는
2913,멋진
2914,깊은
2915,소중한
2917,멋지게
2918,있을거
2920,화려한
2921,멋진
2923,쎄게
2924,없엇다
2925,익숙했지만
2926,익숙했기에
2927,새롭다
2928,신선하다는
2929,아쉬웠고
2930,없었지만
2931,기대한
2935,멋있다라는
2937,좋았던
2939,훌륭했습니다
2940,기대했던
2943,섹시한
2944,흥겨운
2945,재미있었어요
2946,재미있어요
2947,화려하진
2948,멋진
2949,대단하시더군요
2950,자랑스럽네요
2951,그런지는
2952,조그마하더라구요
2953,깊에
2954,화려하고
2955,괜찮았어요
2956,아쉽긴
2957,재밌었었어요
2959,아쉬었어요
2960,재미있더라구요
2961,설레이고
2964,이뿌시고
2965,멋있으시던지
2966,초라해졌어요
2969,편리했고
2970,바빠질
2972,재미있었어요
2973,구수하게
2974,멋있
2975,아쉬
2977,아쉬운
2978,좋았을텐데
2982,그래요
2984,아쉽긴
2986,신기하다고
2987,멋지네요
2988,갑작스럽게
2989,있긴
2990,신나게
2992,상당히
2993,민망할
2994,뻔한
2995,많았으나
2996,부족하네요
2997,안될까
2998,꿋꿋하게
2999,높게
3000,조용히
3001,또렷하게
3002,그런줄
3003,그러더라구요
3004,계시구
3005,기대했던
3006,실망한게
3009,좋아하는데
3011,멋진
3013,시원한
3014,그래고
3015,행복했던
3016,좋았구요
3017,멋진
3018,재미있게
3019,많이하고
3021,아쉬운
3022,아쉬웠고
3023,지루한
3024,있었네요
3025,좋았지만
3026,화려하지도
3030,완벽했습니다
3031,재밌었던것은
3032,즐거웠습니다
3033,그렇게나
3034,멋졌습니다
3037,좋겠습니다
3038,즐거운
3039,아쉬웠던
3040,있었을
3041,즐거웠어요
3042,편했어요
3043,재밌음
3044,강렬한
3045,화려한
3046,깊었습니다
3047,박할
3048,깊었습니다
3050,재미있었습니다
3051,좋았습니다만
3052,멋지고
3054,멋졌어요
3056,멋졌습니다
3057,역이었죠
3059,아쉽고
3061,아쉽고
3062,미칩니다
3063,넘치시네요
3064,멋있었고
3065,멋진
3066,훌륭한
3067,멋졌습니다
3068,훌륭했습니다
3071,세련된
3074,진정한
3076,좋았구요
3077,어려웠어요
3078,멋지다고
3079,없던것이
3080,아쉬웠지만
3081,재미있는
3082,멋진
3083,즐거운
3085,강렬한
3086,좋아하는
3090,아쉬운건
3095,좋았는데
3096,아쉽더라구요
3100,그러면서도
3101,멋짐
3103,즐겁게
3104,즐겁게
3108,화려한
3110,화려함을
3113,귀여운
3114,너무해
3115,기대했습니다
3116,유명한
3117,화려하고
3118,멋졌습니다
3120,있어서는
3121,단조롭다는
3122,훌륭해서
3124,좋을
3126,달랐습니다
3127,멋진
3128,필요없는
3129,넘치는
3131,무더운
3132,시원한
3134,만족했어요
3136,화려한
3137,그렇진
3139,재미있습니다
3143,있으시고
3144,조화로운
3145,즐거운
3146,넘쳐
3147,넘치시고요
3149,멋지지
3151,좋으셔서
3152,깊지만
3153,깊은
3154,있었는데요
3155,굉장하더라고요
3156,화려한
3157,화려하지
3158,화려한
3159,재밌고
3162,멋진
3163,대단한
3165,알차네요
3166,신나고
3168,안타까
3169,멋지다라는
3170,반해
3171,약했다
3172,이상한
3176,답답하고
3177,지루했던거
3179,좁아서
3181,먼가
3184,있기는하지만
3185,아닌듯
3186,멋있어요
3187,기대했던
3188,멋진
3189,어색할
3191,멋진
3193,적응하느라
3194,안되었는데
3195,재미있고
3197,훌륭한
3199,좋아하지만
3200,넘치는
3201,좋았구요
3202,반하게
3203,상당히
3204,힘든
3207,매끄럽게
3211,멋진
3212,멋진
3213,화려하더라구요
3214,화려한
3215,멋진
3217,멋진
3220,들뜬
3222,지루한
3229,자연스럽고
3230,좋았기
3232,유쾌한
3233,멋진
3235,재미있네요
3236,좋았는데
3238,없으시던지
3243,적나라한
3244,아쉬웠지만
3245,멋진
3246,충분한
3248,스러웠습니다
3249,기대했는데
3250,지루했습니다
3251,없었는데
3252,유명하신지
3254,멋있었어요
3255,귀여웠어요
3257,나쁜
3258,미워할수가
3259,없더라구요
3264,독특한
3266,신났구요
3269,재밌고
3270,즐거운
3271,화려한
3273,산만한
3274,강렬한
3275,화려한
3277,멋져요
3279,멋있어서
3280,반해
3282,뛰어났습니다
3284,강력하게
3285,화려함과
3286,경쾌함을
3287,그렇겠지
3288,있다는건
3289,새로운
3294,멋있었습니다
3296,많으셨습니다
3297,같았던
3298,없었네요
3305,흥겹고
3306,놀라운
3308,그러함
3309,좋아하는
3310,재미있게
3311,부탁드리게
3313,지루한
3314,있더라구요
3315,재미있게
3316,만족스러우셨
3317,재미있게잘
3318,화려한
3319,야하다라는
3320,야하다
3321,재미있어
3322,화려함과
3324,없더군요
3325,비굴하게
3327,재미있었습니다
3328,지루할
3332,완벽한
3334,멋있고
3337,기대했는데
3338,아니었던
3340,멋있었습니다
3341,신기했던게
3343,다양한
3344,없었지만
3345,섹시한
3346,멋있었어요
3347,유쾌하고
3348,신나는
3350,단조로운
3351,많았네요
3352,괜찮겠지만
3353,아닌듯
3355,훌륭했으나
3356,섹시한
3357,조아요
3358,넘치는
3359,부족했던
3360,같습니다만
3362,활기찬
3364,재미있었습니다
3365,멋지시더군요
3366,뛰어났구요
3367,더군요
3368,예뻤어요
3369,지루하지
3370,재미있었구요
3371,유머러스한
3373,재미있었던
3376,특이한
3379,화려함과
3380,없으나
3381,즐겁고
3382,시원한
3383,안되게
3384,무거운
3385,진부한
3387,지루한
3388,아쉬운
3389,재미있어요
3390,좋다
3391,같음
3393,신들린
3394,아니었지만
3395,특이하다
3396,색다르다
3397,있구나
3398,만족스러운
3402,새로운
3406,야하는
3410,넓고
3411,재밌고
3413,넘치는
3417,가능할까
3418,중요하게
3419,딱히
3421,저렴하게
3422,멋있더라는
3424,멀어서
3431,부족해
3433,아름다운
3434,훌륭한
3435,빠른
3436,없어하
3437,어느새
3442,벅찬
3443,해로
3444,자릴
3445,아까운
3446,재밌네요
3448,있느지라
3451,탄탄한
3453,궁금해지더군요
3455,대단한
3457,아쉬운게
3459,해로
3461,아니고서는
3463,재밌네요
3464,불편했습니다
3467,멋진
3468,완벽한
3469,재미있게
3470,더해준거
3472,빵터지지
3474,재미있었습니다
3475,넘쳐나요
3476,안되는
3477,있는거
3479,재미있게
3481,아쉬웠던
3482,즐겁더라고요
3483,재미있게
3485,재미있습니다
3487,멀더군요
3489,부담스러우시다면
3491,훌륭하시고
3492,반해
3493,짧아
3494,어땠을까
3495,궁금해져요
3500,좋았지만
3501,신나고
3502,즐거운
3503,아니었습니다
3506,화려했으면
3507,좋겠다는
3508,피곤한
3509,그렇지는
3513,화려하고
3514,성했습니다
3515,좋아했구요
3516,화려하고
3517,재밌었고
3519,가득했다
3520,멋진
3522,즐겁게
3523,즐거운
3525,불편함이
3526,있었네요
3527,좋아하지만
3528,아니었지만
3531,좋아하는
3533,있었고
3534,멋진
3535,있다가
3536,섹시한
3537,넘치는
3538,부러워
3539,미칠
3540,뻔하다가도
3541,멋져라는
3543,스러웠다는거
3544,안타까운
3545,있었다면
3546,없더라구요
3547,다행히
3548,없었지만
3549,산만한
3550,상당히
3551,추하고
3552,재미있었단
3553,없구요
3555,즐겁게
3556,멋진
3557,있길래
3558,원활하게
3559,매끄럽지가
3560,화려한
3561,좋았지만
3562,딱히
3565,아깝다
3567,있었을까
3575,아쉬운게
3576,많네요
3579,좋구요
3580,귀여웠어요
3582,멋진
3583,섹시한
3586,멋졌고
3587,어떨지
3590,화려한
3592,즐거운
3594,멋있었어요
3595,아닌데
3597,화려하고
3598,멋있다고
3604,좋았음
3605,저렴하고
3606,재밌고
3608,우중충하고
3609,어둡게만
3610,경쾌한
3611,넘치는
3613,즐겁고
3614,유쾌한
3615,넘치는
3618,이뻐요
3619,재밌어요
3620,가뿐한
3621,좋았지만
3622,놀라웠습니다
3623,느려서
3624,지겨운
3627,재미있더라
3628,즐겁고
3629,재미있었던
3631,대단하세요
3632,야해요
3633,깊은
3634,어려웠지만
3635,재미있었어여
3637,아니었지만
3638,화끈한
3639,솔직한
3640,대담한
3641,넘치는
3644,무겁지
3645,가볍게
3646,가볍지
3647,이런게
3648,섹시해서
3649,민망했는데
3650,화려한
3651,뜨거운
3652,뻔함이
3654,새로운
3656,즐겁고
3657,행복했던
3659,즐거운
3660,신나고
3661,유쾌하고
3662,뻔함이
3664,즐겁고
3665,재미있는
3666,같았던
3667,없던
3668,유쾌하고
3669,씁쓸하며
3670,멋있었어요
3671,멋졌어요
3673,힘든
3674,멋졌어요
3677,단조로운
3678,멋있었습니다
3679,멋져요
3680,섹시하고
3684,당당한
3685,섹시하다는
3686,섹시하다는
3689,강인한
3692,가볍게
3693,특이했어요
3694,재미있더군요
3695,독특했고
3696,아니었던요
3698,기대하면서
3699,많았네요
3701,얄밉게
3704,나쁜
3705,밉게
3708,당당하면서
3709,있는게
3710,밉게만
3711,있더라고요
3717,빠르게
3719,젊은
3721,괜찮다라고
3722,높다
3723,많은데
3724,아닌거
3725,같다는
3730,딱딱하고
3731,아니더라고요
3733,좋지
3737,있으니깐
3741,새로운
3742,없고요
3743,흥겨운
3744,즐거웠습니다
3745,즐건
3746,좋았구
3747,강렬한
3748,깊었던
3750,아쉬웠다
3753,신나고
3754,재밌었어요
3755,멀었네요
3756,재밌다는걸
3757,재미없음
3758,어떡하지
3761,재밌고
3762,만족스러운
3763,있으시더라고요
3764,멋있어요
3765,특별한
3766,없이도
3767,충분히
3768,만족하실거라
3769,아쉬웠고
3770,섹시하네요
3771,즐거운
3772,괜찮구요
3773,다양하고
3774,편하게
3776,화려하지
3777,화끈하
3778,섹시하셔서
3779,멋져서
3780,멋진
3781,유명한
3782,기대하고
3784,아깝다는
3786,화려한
3789,멋있었습니다
3790,즐겁게
3791,행복하게
3793,지루한
3795,뛰어난
3796,재미있게
3798,유명한
3799,기대하고
3800,수많은
3801,작아
3802,새롭
3803,멋있었어요
3804,특별히
3805,재미있지도
3806,있지도
3807,지루한
3808,있었다는
3809,간단하면
3810,좋을까
3811,섹시한
3812,화려함이
3814,멋진
3815,멋졌습니다
3816,화려한
3817,뛰어난
3818,대단해요
3820,아쉽긴
3822,좋을거
3823,같더라구요
3824,같던데
3826,따가
3827,신났지만
3828,기대했는데
3830,지루한
3832,기이한
3833,없었다하
3834,지루할듯
3835,젊은
3836,동일한
3837,훌륭히
3839,없었는데
3840,부족하다
3841,너무해에서
3844,높았던
3847,있다긴
3848,신선한
3849,신선한
3850,재밌었습니다
3851,지루한
3854,멋있고
3855,멋진
3857,좋아하실지
3858,경쾌하고
3860,재밌었습니다
3861,즐거워
3865,만족한
3866,없다는거
3867,대단한
3868,섹시한데도
3869,밋밋한
3870,밋밋한
3872,이랬던가
3873,아깝고
3874,즐거운
3875,즐겁게
3877,짧다면
3878,짧은
3883,새로운
3884,괜찮은
3885,신선하고
3887,좋앗던거
3889,안되고
3890,섹시하고
3891,신나는
3893,화려하고
3894,훌륭한
3895,훌륭했어요
3896,있더군요
3897,기대하며
3899,우둔한
3900,좋게
3901,비슷할테니
3902,산만하더군요
3904,가늘고
3905,가벼운
3906,상당한데
3907,약하더이다
3909,만연하던
3910,유명한
3911,분개한다
3912,없나는
3914,아름다
3915,완벽한
3916,멋지게
3917,멋진
3918,아쉽긴
3919,화려한
3920,재미있었어요
3921,좋아하시네요
3923,유연함을
3924,시원시원하게
3925,있어서도
3926,힘든
3928,통통하다는
3929,분명히
3930,마르셨더라구요
3931,유머러스했고
3932,그랬던
3934,좋았다고
3935,애매한
3940,그렇고
3941,그렇고
3943,까말까
3945,섹시한
3946,있을지
3949,괜찮다고
3950,편하게
3952,불편하네요
3953,기대하고
3955,대단하더라구요
3957,아름다웠던
3958,재미있게
3959,깊은
3961,재밌었습니다
3963,어두침침한
3964,좋아했었지만
3965,가볍게
3968,놀라운
3970,자세히
3971,없었지만
3972,좋았구요
3973,밋밋한
3975,있었고
3976,지루한
3978,부탁드립니다
3979,다른건
3980,만족하고
3981,다양하게
3982,아쉽네요
3983,화려한
3984,원한다면
3985,깊었네요
3988,상당히
3989,궁금해지긴
3990,그렇네요
3991,즐거운
3992,멋진
3996,있군요
3998,완벽해서
4000,약한거는
4002,끝내주네요
4003,이쁜데다
4005,시원시원한
4007,좋았고요
4008,많았으면
4009,좋을
4011,약하지
4014,난해하고요
4016,멋져요
4017,어려워다
4019,재미있게
4020,야하지만은
4021,재미있는
4022,촉촉한
4023,강렬한
4024,세련된
4025,고맙고
4026,좋았겠지만
4027,만족스러웠어여
4028,좋더라구요
4029,강해서아주
4030,아쉽긴
4031,좋아해서
4034,입니당
4035,화려한
4036,재밌었습니다
4037,역은
4038,매끄럽지는
4039,괜찮아요
4040,아쉽네요
4041,재밌네요
4042,재미있는
4043,넘치는
4044,더해진
4045,있을까요
4049,멋있었구요
4051,멋졌어요
4052,귀엽고
4053,미워할수
4055,재밌다고
4058,새로운
4059,유명한
4060,아니네요
4061,멋진
4063,많았구요
4064,있는지라
4066,섹시하고
4067,심해서
4068,좋으셔서
4069,거북하지
4070,화려한
4071,있겠네요
4072,없는만큼
4074,완벽히
4079,잘맞았구요
4081,좋았구요
4082,생생한
4084,생생하게
4087,지루하지
4088,귀여워서
4089,섹시하고
4090,귀여운
4092,어려운
4095,색다르고
4096,섹시하고
4097,멋있는
4100,재밌었다네요
4102,새로운
4105,없구요
4106,불안한
4107,유명한
4108,나쁘지는
4110,훌륭했구요
4113,있었으나
4114,재미있는
4115,있었구요
4117,변하지
4118,지루한
4119,많기는
4120,좋았을
4121,아쉬운
4123,안되는
4125,굉장한
4126,아니라는
4127,있었
4128,아닌거
4130,시원시원하고
4131,새침한
4134,같았던
4135,좋아하는
4136,멋있고
4137,유쾌하지
4138,유쾌하고
4139,시원하게
4140,멋졌어요
4141,아기자기하고
4142,귀여운
4143,넘치는
4144,즐거운
4145,재밌습니다
4147,완전히
4148,없더라구요
4152,멋있더라구요
4154,더운
4155,시원하고
4156,즐겁게
4157,좋더라구요
4158,새롭게
4159,유명한
4162,멋지게
4164,멋졌습니다
4165,멋졌고
4166,넘치는
4168,재밌다
4170,무사히
4171,아쉬운건
4172,없었다는것과
4173,재밌다라는
4175,재미없다라는
4177,만족하면서
4178,만족합니다
4180,재밌는
4181,재밌었습니다
4182,재미있어요
4183,불편함해
4185,짧게만
4186,즐거웠다
4187,우울한
4189,멋있어요
4190,야하는
4191,당혹스러워
4192,뜨거운
4193,재미없을
4194,같다던
4195,그랬죠
4197,재미있었고요
4198,아쉬웠습니다
4199,재밌을
4200,같고요
4201,좋을
4203,뜨거운
4204,좋았으나
4205,굴어서
4206,그랬어요
4207,중요한듯
4208,기대했던거보다
4209,재미있었어요
4211,섹시한
4212,넘쳐나고
4214,유명한
4215,익숙한
4218,즐거운
4220,좁은데
4221,답답하고
4223,지루했어요
4224,비싸서
4225,심심한면도
4226,좋아고
4227,재미있는
4231,아쉽네요
4232,미치는듯
4234,탄탄하다고는
4235,안됩니다
4236,풍부한
4237,좋구요
4239,재밌습니다
4241,안되구
4243,지루한
4244,있었네요
4245,대단하고
4246,멋있고
4247,아름다운
4251,힘들었어요
4252,습한
4253,같았다
4254,화려한
4256,예쁘네요
4257,만족하고
4258,재미있었어요
4260,재미있었네요
4262,생소하고
4263,이쁘
4264,장하게만
4265,새로운
4267,작지
4269,재미있고
4270,즐거운
4271,적합한
4272,아니었지만
4273,밋밋한
4275,지루한
4276,멋진
4277,다행히
4278,씩씩하게
4279,깨끗한
4280,설레였죠
4281,귀여운
4285,지루하
4286,아깝기
4287,또렷한
4288,작은것은
4289,아닌가라는
4290,급하게
4292,만족하구요
4293,또렷한
4294,작은것은
4295,아닌가라는
4296,급하게
4298,만족하구요
4299,유쾌하면서도
4300,지루하지
4301,멋진
4302,멋있습니다
4303,화려했으면
4304,어땠을까
4305,괜찮았지만
4306,약한듯
4307,아쉬웠어요
4308,아쉬웠지만
4309,훌륭해서
4310,멋졌답니다
4311,멋있어요
4312,기대했던것
4313,재밌더라구요
4314,재미있는
4315,있었고
4317,즐거운
4318,멋진
4319,넘치는
4320,멋진
4321,재미있었어요
4322,아쉽긴
4323,즐거운
4324,단순한
4326,조셨지만
4327,괜찮았습니다
4329,화려하고
4330,많습니다
4331,훌륭합니다
4332,이쁘고
4334,이뿌고
4335,재밌네요
4339,부족한
4341,작다는
4344,멋진
4346,멋진
4347,스러
4348,힘들겠다
4350,빨간
4352,멋지고
4353,멋졌어요
4354,즐거운
4357,생생한
4358,훌륭한
4360,아쉬웠지만
4361,만족스러웠지만
4362,아쉬운
4364,재밌어요
4365,뛰어나세요
4366,좋아하지만
4367,즐겁게
4368,높긴
4369,가까운
4370,만족스러웠습니다
4371,생생한
4372,좋았구요
4373,같던데
4374,비슷하게
4375,특별히
4376,화려한건
4378,적절하게
4379,멋졌어요
4380,무례한
4381,엄청나게
4382,불쾌하고
4383,불편했습니다
4384,안됨
4385,즐거운
4386,즐거웠었던
4387,화려한
4388,강렬한
4389,기대했다면
4390,생생한
4391,기대했다면
4392,반해
4396,거대한
4397,즐거운
4399,같다고
4400,뿌듯한
4401,즐겁고
4402,재밌는지
4404,섹시한
4406,재밌네요
4407,있었고요
4409,좋았구
4412,괜찮을듯
4414,덥지
4415,섹시한
4416,멋지다는
4418,신기하고
4419,재미있어요
4420,재미있네요
4421,화려한
4422,멋진
4424,월등히
4427,불안했다
4429,좁은
4430,같았다
4431,단조로운
4432,화려한
4433,아쉬운
4434,자연스러
4437,멋진
4438,아프지도
4439,재밌습니다
4440,좋앗어요
4441,이럴수
4442,작더라구요
4443,기대한만큼
4444,괜찮을까
4445,유명하시니
4446,힘들어하는거
4448,멋지고
4452,멋있고
4453,신나는
4454,신나게
4455,우중충했던
4456,멋있었어요
4457,재밌네요
4458,기대하며
4459,시원시원한
4460,필요없고
4461,귀여웠
4462,귀여웠
4463,귀엽고
4464,이쁜
4466,넓은
4467,아쉬웠고
4468,충분히
4470,넓은
4471,대단했을
4474,아쉬웠어요
4475,있었죠
4476,아쉬웠어요
4477,어두웠던
4479,단순했고요
4480,화려하게
4481,유치해
4483,같기도
4484,좋았을
4486,노련하시더라고요
4487,새로운
4488,어색해요
4489,어색하고
4490,오죽하면
4491,있었겠지만
4495,같다는
4496,그래요
4497,재밌었어요
4499,멋있었어요
4502,귀여워요
4503,좋아해서
4505,완벽한
4508,좋아해서
4509,기대하며
4512,색다르고
4513,재미있었다
4514,생소한
4515,길쭉한
4516,즐거운
4518,나쁘지
4519,높아서
4520,멀게
4521,아쉬웠긴
4522,계셔서
4523,풍부한
4524,탁월한
4526,즐거운
4527,없게
4528,현란한
4529,자연스러운
4530,소소한
4531,좋았지만
4532,풍부한
4533,반했답니다
4535,나쁘지
4536,예쁘고
4538,애매해서
4539,아닌데
4540,나쁜
4544,기뻤습니다
4545,아쉽지만
4546,훌륭한
4547,없고요
4548,좋으셔서
4549,눈부시게
4550,예쁘
4551,예쁘지만
4552,자리는
4553,훌륭한
4554,즐거웠습니다
4555,좋아하신다면
4560,거창하게
4561,아쉬웠지만
4564,기대하고
4565,약하다는
4566,커다란
4568,안되서
4569,다행히
4570,없으시네요
4571,그렇고
4572,섹시하고
4573,멋지고
4574,멋집니다
4575,훌륭했구요
4577,아쉬웠지만
4578,같더라구요
4580,아닌데
4581,화끈하고
4583,있었다면
4584,멋진
4585,섹시한
4586,유명한
4587,기대했는데
4589,유쾌하고
4590,즐거운
4591,깊어서
4595,좁은
4596,좁고
4597,산만한
4598,좋아하는
4600,아쉬운
4601,있었다면
4603,있었을텐데
4604,아쉬웠습니다
4605,좋았던
4609,역은
4611,안되고
4612,부담스러웠습니다
4613,좋아하는
4614,좋아하지만
4616,아쉬운
4617,많았지만
4618,재미있었습니다
4619,화려한
4621,좋았구요
4624,재미있었고
4625,자릴
4626,촌스럽지만
4627,아쉬워
4628,행복했습니다
4629,노랠
4630,반했고요
4631,없나요
4633,즐거워
4634,서툰
4635,어렵게
4636,힘들고
4637,시원함을
4638,서툴더라도
4639,새롭게
4640,넘치는
4642,넘치는
4644,멋진
4645,즐거운
4646,지루하지
4647,좋을
4649,재미있었음
4651,어떨지
4652,노련한
4653,섹시한
4654,아쉬웠던
4657,만족합니다
4658,벅찼습니다
4659,좋아하는
4661,벅찼습니다
4662,좋아하는
4664,벅찼습니다
4665,좋아하는
4667,벅찼습니다
4668,좋아하는
4670,화려하진
4671,기대하며
4674,덜했습니다
4675,그랬을수도
4678,그랬구요
4679,훌륭하십니다
4680,좋아하게
4682,반해
4683,멋지시더군요
4684,지루한
4685,멋진
4686,착한
4687,지루하고
4688,심심한
4689,유명한만큼
4690,깔끔하게
4694,달랐을
4695,같지만
4696,충분히
4701,대단하죠
4703,부족한
4706,없고요
4707,칠하더라고요
4709,부족한
4713,젊으니까
4715,이럴
4718,기대할게요
4723,강렬하게
4725,재밌는
4726,아름다운
4727,좋았구요
4728,좋아하셨구요
4729,설렜습니다
4730,행복하더군요
4731,짧다고
4732,즐거웠습니다
4733,없게
4734,미는
4735,기대했던
4736,아니었던
4737,알맞은
4739,완벽한
4740,충분히
4743,쏠쏠했어요
4744,많으셨습니다
4746,훌륭하셨지만
4747,흥겹지
4748,흥겨운
4749,흥겨운
4750,멋진
4751,가볍지
4752,가까운
4753,화려함이었지만
4755,많은데
4756,멋진
4757,재미있을까
4758,재미있었다
4762,있듯이
4765,즐거운
4766,다르다
4767,화려함
4768,중요하지
4769,날씬하고
4770,이쁜거야
4772,힘들었다만
4775,반하게
4776,좋앗던
4778,화려하고
4779,즐거워서
4780,같기도
4781,멋진
4782,괜찮은
4783,아쉬웠던
4785,화려함은
4787,빈약한
4789,아쉬운
4790,즐거운
4791,좋은데
4794,화려함은
4795,대단합니다
4796,재미있고
4797,행복했
4798,황홀하였으며
4799,넘치는
4800,뜨거운
4801,충실한
4802,무더운
4803,반해서
4804,기대했던
4805,멋지고
4806,멋지세요
4807,넘치시고
4808,섹시하시더라구요
4809,좋았구요
4810,재미있고
4811,섹시하고
4812,멋지시고
4813,역하셨던
4814,확실하게
4815,남다르
4816,화하시는듯
4818,섹시하
4819,뜨거
4823,어리둥절해
4824,있죠
4825,짧아
4826,이랬어요
4827,즐겁고
4828,행복한
4829,멋진
4832,발칙한
4833,재밌어요
4835,생생하게
4837,재밌네요
4841,재밌었습니다
4842,멋있었고
4843,가까워
4845,화려했던
4846,화려했던
4848,후회됩니당
4850,멋졌습니다
4851,어느새
4852,다르네요
4853,깜찍한
4854,성공해서
4856,낮잖아요
4857,불편했거든요
4859,불편함
4862,인한
4863,불편함도
4864,가까워서
4867,가까운
4868,낮았었습니다
4869,예쁜
4870,세련되고
4871,자연스럽고
4872,귀엽기까지
4873,강력한
4875,없으니까
4877,없으니
4878,간단히만
4879,간단하다
4881,중요하지
4883,있느냐
4884,없느냐에
4885,아픈
4889,흥분하여
4891,천박한
4893,유머러스하게
4895,있었을
4900,높았던
4901,노련하게
4902,유머러스하게
4903,훌륭하게
4904,간단한
4906,평등하지도
4908,가능하게
4909,그러한
4912,있으며
4914,흥겹고
4915,화려한
4918,그러한
4920,무거운
4922,무거운
4924,있겠지만
4925,충분히
4927,완벽한
4928,참담한
4929,있겠는가
4930,무겁고
4931,깊다
4933,그러할
4937,그러한
4940,비밀스럽고
4941,아픈
4943,그러한
4946,심한
4951,있냐는
4953,그러하다면
4954,견고하기는커녕
4955,얇은
4961,불안하고
4965,가소로운가
4966,흥미로웠던
4967,당한다
4968,특이하게
4970,아무런
4971,미치지
4973,완벽한
4974,쓸모없
4977,쓸모없음
4978,암울한
4980,신나는
4981,노련하십니다
4982,신나는
4983,재밌다고
4986,대단하다
4987,아니었습니다
4988,좋았던
4989,있었고
4990,있으신
4992,시원시원한
4993,아쉬웠거든요
4994,상당히
4998,재밌더라고요
4999,재밌었고
5001,새로운
5003,독특하거든요
5004,실망했던
5005,좋았을거
5009,어색하단
5012,즐겁게
5014,멋진
5016,야해서
5018,괜찮고
5020,무심한시야
5021,저렴한
5026,섹시하고
5028,딱인
5029,멋진
5031,아쉬운
5032,작아서
5033,안되는
5034,미흡한
5035,멋진
5036,화려한
5037,행복한
5038,생생함이
5039,없었고요
5042,같더라구요
5043,있었고
5044,기대한
5045,아니었어요
5047,저렴하게
5048,생소한
5049,많이하고
5052,아름다
5053,세련되고
5054,화려한
5055,대단하다
5056,꾸준한
5057,멋있는
5058,안될
5059,힘차게
5060,즐겁게
5061,당혹했다
5064,자리는
5066,아닌것
5072,비슷하다는
5073,있었겠지만
5075,비슷한
5076,약하다는
5077,강해서
5079,좋게
5082,재미있는
5084,후련해지는
5085,화려한
5086,대단했다
5087,우수한
5088,생생함을
5089,행복한
5091,섬세하게
5093,생생함이
5096,있을거란
5097,유명한
5100,섹시한
5102,섹시함이
5105,재밌고
5106,재밌
5108,훌륭하신듯
5109,그래요
5113,더잘
5114,좋았고요
5117,있다가
5118,없던데요
5119,대단한
5121,신났어요
5122,아쉬울
5123,훌륭했고
5124,훌륭했습니다
5126,괜찮았어요
5127,완벽했다
5128,재밌어요
5129,반해서
5130,좋게
5131,재밌었어요
5133,아닙니까
5134,멋진
5135,화려한
5136,즐거운
5137,좋았지만
5138,지루한
5140,새로운
5142,화려한
5144,섹시하고
5145,멋지실까
5146,좋았던
5148,깊습니다
5151,좋겠습니다
5154,지루하긴
5155,화려한것도
5158,기대했던것보단
5159,좋았어용
5160,신나는
5161,익살스럽고
5164,통쾌하고
5165,흥미로웠어요
5166,재미있게
5167,즐거운
5169,행복했어요
5170,나쁜
5171,없다는
5172,많지만
5174,같았다
5176,흥미로웠고
5177,없이도
5178,다양한
5180,예뻤다
5181,섹시함에
5182,선하다
5183,성장해
5184,들떠있던
5186,생소했지만
5187,근사한
5189,화려한
5190,재미있었고
5191,이쁘더라
5192,야하
5193,화려한
5194,재미있었고
5195,이쁘더라
5196,야하
5197,이쁨
5198,색달라서
5200,멋있었어요
5201,없으셨다는
5202,훌륭했다
5203,아쉬웠던건
5204,아쉽다
5205,재미있게
5206,대단하면서도
5207,유쾌한
5208,예쁘고
5209,딱인
5212,기대했던만큼
5214,안녕하세여
5217,없어여
5218,약했어요
5219,깊었던
5220,딱히
5222,새로운
5223,넘쳐나는
5225,있는지를
5226,흡족한
5227,능숙한
5228,여전한
5230,짜릿하고
5231,유쾌하고
5232,안좋아서
5233,아쉬워서
5234,재밌었어요
5235,재밌었습니다
5237,멋있고
5239,괜찮았지만
5240,지루한
5243,생생한
5245,재미있었어요
5246,아쉬워요
5247,멋있어요
5249,멋있습니다
5251,넘치는
5252,유명하고
5253,비싸고
5254,날씬한
5255,멋진
5256,훌륭했구요
5257,즐거웠습니다
5258,아쉬운
5259,단조로운
5260,있었고
5261,독특했지만
5263,스러웠다
5264,그랬겠지만
5265,같았고
5266,좋지
5268,죄송하지만
5269,그러는지
5270,즐거웠습니다
5272,강렬함
5273,섹시함
5275,대단하시더라구요
5276,멋있었습니다
5277,괜찮고요
5278,유쾌하게
5279,저렴한
5280,재밌어요
5281,멋진
5283,풍부한
5284,멋지게
5286,멋졌어요
5288,기대했던만큼
5289,즐거운
5291,지루한
5295,아니어서
5297,화려한
5298,아니었다
5299,탁월해서
5302,즐거웠다
5303,아니라도
5304,즐겁게
5307,엄청나게
5308,아니었다
5309,재미있는
5310,유쾌하더라구요
5311,재미있는
5312,유쾌하더라구요
5313,아플
5314,아닙니다
5315,야합니다
5317,완벽했고
5318,기대하지
5319,멋진
5320,재밌네요
5321,재밌었어요
5322,좁긴
5325,재밌습니다
5326,신나고
5327,흥겨운
5328,없었음
5331,신나면서
5333,좋으시고
5335,완벽한
5336,완벽했습니다
5337,불가능한
5339,재미있어서
5340,화려한
5342,섹시하게
5343,색다른
5345,안녕하세요
5346,강력한
5347,강력한
5352,생생한
5354,화려한
5355,즐거운
5358,신나게
5361,잘생기셨고
5362,좋았지만
5363,아쉬웠어요
5364,화려하진
5366,화려한
5367,실망하실거
5369,급격하게
5371,아쉬웠습니다
5374,화려한
5376,좋았구요
5377,화려한
5378,즐거웠습니다
5379,멋졌습니다
5383,반하고
5384,화려한
5386,놀라운
5387,멋진
5389,즐거울
5392,화려하지
5398,완벽하게
5400,어려웠는데
5401,재밌더군요
5402,벅찬
5403,재미있었고요
5404,즐거웠어요
5405,멋진
5406,화끈한
5407,섹시한
5408,멋진
5409,아쉽당
5410,멋지네요
5411,즐겁게
5412,재미있게
5413,엄청나게
5414,대단하신거
5417,안좋아서
5419,만족스러웠습니다
5420,유명한
5421,식상하지
5422,넘치는
5424,재밌었어요
5425,화려한
5426,없이도
5427,충분히
5428,화려한
5429,멋졌어요
5431,신나는
5432,즐겁게
5434,화끈하고
5435,즐겁고
5438,필요없구요
5439,아쉽고
5440,지루한
5442,재밌어요
5443,새로운
5445,재미있게
5446,멋졌어요
5448,능글맞은
5449,그렇구요
5455,즐거워지거든요
5456,재밌고
5457,재밌어고요
5459,재밌어요
5460,성해지고
5462,궁금했던
5464,좋았구요
5465,섹시하고
5466,흠잡을데
5470,생생히
5471,좋더라구요
5474,강한
5475,멋진
5476,색달라서
5478,특이했어요
5479,완벽했구요
5480,흥겹더라구요
5481,멋있었어요
5483,유쾌하고
5484,신나지만
5485,가볍지만은
5486,멋진
5488,신선하고
5489,재밌었어요
5490,즐거운
5491,있고요
5492,즐거운
5493,재밌었어요
5494,영원히
5495,영원히
5496,신나게
5497,섹시하게
5498,멋진
5500,뜨겁게
5501,영원해라
5503,괜찮겠네요
5504,특별한
5505,특별한
5506,즐거운
5507,즐거운
5509,촉박하네요
5510,즐겁게
5511,필요없습니다
5517,멋진
5518,재미있는
5520,재미있고
5521,흥미롭네요
5522,멋있고
5523,재밌고
5526,좋아하는
5530,좋았으면
5531,재밌었겠지만
5535,섹시한
5536,섹시함을
5538,멋진
5539,신나고
5540,유쾌하고
5541,성급하게
5542,신나는
5543,재미있게
5544,예뻤고
5545,신나고
5546,즐거운
5547,즐거워
5549,재미있게
5550,예뻤고
5551,신나고
5552,즐거운
5553,즐거워
5555,멋진
5556,좋아하세요
5557,멋진
5558,아름다운
5559,괜찮은
5560,멋진
5562,만족했답니다
5563,멋있었음
5565,실망했어요
5566,좋겠
5567,멋진
5568,있었기에
5569,즐겁게
5570,열광하는지
5571,귀여우셨어요
5572,발랄한
5573,반했답니다
5575,멋있었어요
5577,귀찮고
5578,재미없다는
5579,필요한데
5580,귀찮더라구요
5581,그러던
5582,먼데
5583,작네
5584,부럽지
5585,섹시한
5587,색다르다
5588,사랑스러
5589,노련함이
5590,신나는
5591,까말까
5594,재밌었다고
5595,작네요
5596,화려한
5597,화려한
5598,깊었던
5599,풍부한
5600,있었고
5602,재미있는
5603,유명하신
5604,재미있는
5605,능숙한
5606,있었으나
5607,아쉽다는
5608,뛰어났다
5609,이쁜
5610,뛰어났다
5611,즐거운
5612,고마운
5613,박할
5614,섹시한
5615,멋진
5617,귀엽고
5618,있더라구요
5619,멋졌습니다
5620,아쉬
5622,재밌네요
5623,불편했지만
5624,기대했는데
5625,비싼
5630,같던
5631,선해요
5632,좋아하는
5633,아니었는데
5634,멋지구
5636,멋졌어요
5638,넘치세요
5640,아닌거
5643,예뻤던
5645,예뻤습니다
5646,재미있었습니다
5647,즐거워하셔서
5649,재밌음
5650,변함
5652,귀여운
5653,인하여
5655,아프다
5656,무리오셨나
5658,아파어
5659,피곤한데
5660,힘드실까
5661,힘찬
5662,휘하는
5663,섹시한
5665,안되겠당
5668,넘치는
5669,없다는
5670,솔직하고
5671,넘쳐서
5672,끝내줍니다
5673,예뻤어요
5674,있었듯이
5675,어둡고
5677,지저분한
5678,아니어서
5679,좋지
5682,좋아하는
5683,그렇듯이
5684,새로운
5686,씁쓸한
5687,있어도
5688,예쁘고
5689,아쉬워하는
5690,그렇다는
5691,친근한
5696,넘치며
5697,익숙한
5699,아니라며
5700,뛰어났다
5701,강하다는
5704,완벽했던
5705,자랑스럽고
5706,재미있어요
5707,재미있어요
5708,즐겁고
5709,행복한
5710,대단함을
5711,아팠지만
5712,생생한
5713,그렇고
5715,좋아야겠지만
5716,화려하고
5717,변화무쌍한
5719,그런게
5722,지루하고
5724,신나는
5725,재밌었어요
5729,재미있는
5730,그렇고
5731,그렇긴
5732,가깝
5733,좋았는데
5734,중요한데
5735,괜찮은데
5736,안되서
5737,놀라운
5738,독특하게
5739,반했음
5740,멋있고
5741,신나는
5742,지루하지
5743,나쁘지
5745,재밌겠죠
5746,깊었습니다
5747,다름
5750,재미있었
5751,화려하구
5753,가까운
5761,그럴듯
5762,있었고
5764,멋졌으나
5765,힘든듯
5766,밋밋한
5767,멋졌고
5769,뛰어났다는
5770,만족한듯
5771,대단한
5773,대단하더라구요
5778,산만한
5783,즐거웠어요
5784,기대했던
5785,재밌고
5788,적나라하게
5789,많았어요
5790,좋았는데
5792,신나고
5793,재밌는
5794,훌륭하시고요
5795,좋앗습니다
5796,재밌고
5797,지루할
5798,출중해서
5800,멋있어요
5801,탄탄한
5802,즐거운
5803,아쉽습니다
5805,화려함
5806,빵터짐
5809,힘들었으나
5810,넘치는
5812,충분히
5815,즐겁고
5816,재밌는
5818,신나고
5819,유쾌해서
5820,좋을
5822,높아요
5823,멋있었습니다
5824,멋져요
5825,즐거운
5826,멋진
5832,귀여운
5833,사랑스럽네요
5834,멋지고
5835,즐건
5836,즐거운
5838,귀엽고
5839,사랑스런
5841,좋았구요
5843,좋았던것
5845,뜨거워
5846,완벽하신거
5850,익살스러
5851,사랑스러
5853,엄청난
5854,있구요
5855,섹시해요
5857,민망하기도
5858,대단하고
5859,멋져
5860,입니당
5862,완벽한
5863,화려한
5864,멋진
5865,좋고요
5866,즐겁고
5867,흥겨운
5869,같지
5870,아쉽네요
5872,시원한
5873,아무런
5874,만족했습니다
5875,재밌었구요
5877,있었구요
5878,재밌었습니다
5882,재미있는
5883,멋있었어요
5884,대단했어요
5885,아쉬운
5887,나란히
5888,재미있는
5889,부끄러워서
5890,있고요
5892,믿음직합니다
5893,자리는
5894,생생하게
5896,자리였답니다
5897,자리는
5898,장하면서부터는
5899,안되니
5901,유명한
5902,간단하게만
5903,재밌었고
5905,신나게
5906,이상하리만큼
5907,지겹네요
5908,약해서
5909,당연하게
5912,즐거운
5913,유명해지고
5914,있긴
5916,실망하는
5917,없는것
5919,유쾌하게
5920,즐거운
5921,뛰어났다
5922,힘들었다
5923,부드럽게
5925,좋았을텐데
5926,지루하지
5927,귀엽운록
5929,귀엽
5930,넘치는
5934,넘치는
5936,좋아도
5938,좋거든
5939,무식한
5941,완벽하게
5943,이쁘고
5945,즐겁게
5949,멋진
5950,재미있고
5951,즐겁게
5952,신나고
5953,아쉬운게
5956,즐겁고
5957,재미있게
5958,예쁘고
5960,아쉽네요
5961,안되나요
5962,재미있었어요
5964,멋진
5965,멋지단
5966,화려하지만
5968,화려하지
5969,충분히
5971,재밌다고
5972,좋아했구요
5976,아쉬웠어요
5977,자세히
5980,멀어서
5982,만족하시고
5983,재밌었다고
5984,좋았을
5989,재밌습니다
5991,강렬한
5993,재미있네요
5995,아니시더라구요
5996,좋아하셔서
5998,재밌고
5999,멋있어요
6001,좋았지만
6002,아쉬었었다
6003,지루했어여
6004,괜찮았지만
6005,재미있었는데
6006,지루한
6008,재미있긴
6009,지루한
6010,중요한
6013,불가능하다고
6015,어렵겟지만
6016,똑같은
6017,아닌지라
6018,재밌었어요
6020,지루하지
6023,신나는
6024,재미있고
6025,같다라고
6026,좋아하셔
6027,뿌듯했
6028,대단하다고
6031,없구요
6032,사랑스런
6036,멋진
6037,휼륭함
6038,멋있었어요
6039,화려한
6040,멋있어서
6042,기뻤다
6048,화려한
6049,지루할
6051,신나게
6053,다르겠지만
6054,미치네요
6055,어색하고
6058,재미있게
6059,재미있네요
6064,화려하
6065,화려했어요
6067,좋았구요
6068,멋졌어요
6069,넘쳤습니다
6071,짧아서
6072,아쉬웠지만
6073,멋진
6074,놀랬어요
6076,신나네요
6077,멋졌고
6078,화려했어요
6079,멋졌어요
6080,화려하고
6081,별다른
6082,없이도
6085,지루한
6086,있었고
6089,흥겨운
6090,화려한
6091,즐거운
6092,화려한
6096,뛰어난
6097,섬세한
6099,발랄하고
6100,섹시한
6101,새로운
6102,새로운면을
6104,반해
6106,멋져
6108,즐겁게
6110,재밌네요
6111,새롭게
6112,많았고
6115,재밌어
6118,이쁜
6119,멋있었다
6121,이쁘고
6122,없겟죠
6123,멋져요
6125,멋지셨구요
6126,좋았구요
6127,있으셔서
6128,즐거웠어요
6129,뿌듯했습니다
6130,난해하다고
6132,재밌더라구요
6133,아쉽네요
6135,멋진
6136,훌륭한
6137,행복한
6139,멀더라구요
6142,이쁜줄
6145,현란한
6146,있었음에도
6147,그런게
6148,없더군요
6150,먼가
6151,그랬어요
6152,변하지
6153,지루하지
6154,신나고
6155,뜨겁게
6156,섹시하고
6157,멋진
6159,즐거운
6160,지루하지
6161,재미있었어요
6162,화려한
6163,멋있었고
6165,섹시한
6167,어둡고
6168,무거울수
6170,가볍고
6172,재밌어지더라구요
6173,많으나
6174,부실하고
6175,즐거운
6177,많았지만
6178,힘들어하셨던
6179,부끄러워
6180,귀여우셨습니다
6182,고맙습니다
6184,처절한
6185,좋았는데
6186,같구요
6187,있었구요
6188,대단할
6191,완벽했어요
6192,매끄러운
6196,문란하며
6198,시원시원한
6199,여린
6200,화려한
6201,즐겁고
6202,즐겁다
6204,독특한
6205,멋있고
6207,미를
6208,즐겁게
6211,재밌었습니다
6212,유쾌하고
6213,즐거웠어요
6214,즐거웠던
6215,좋았지만
6216,멋있으시더라구요
6217,좋아하셔서
6218,뿌듯했습니다
6220,새로
6221,같어요
6222,아쉬운건
6224,아쉬웠지만
6225,없죠
6226,기대해요
6227,재미있게
6229,색다르고
6230,좋더라구요
6231,재밌고
6233,좋아하는
6234,재밌는
6238,끝내주는
6242,멋진
6243,재밌어요
6244,좋겠네요
6245,부패한
6246,아니었나
6247,같아도
6248,그랬겠다
6249,있죠
6250,과장하게
6251,가능하게
6252,다름
6255,있기도
6256,시원한
6257,짱짱한
6258,반했습니다
6259,아쉬웠네요
6260,시원시원한
6261,통쾌했네요
6262,멋있었어요
6264,멋진
6267,저렴한
6270,재미있게
6271,좋게
6272,좋았던
6273,그랬던
6275,지루한
6279,생소했다
6283,괜찮았다
6284,많았고
6285,미친듯이
6287,좋겠다
6288,반해서
6289,멋져요
6290,멋있는
6291,재밌다는
6292,화려해서
6294,재미있는
6296,즐겁고
6297,신나는
6299,행복하세용
6300,화려한
6301,재미있는
6302,부족했지만
6304,섹시한
6306,멋져요
6310,화려한
6312,흐뭇하게
6313,있었지요
6314,뛰어났습니다
6315,풍부함은
6317,좋았구요
6318,재미있게
6320,신선하기도
6321,색다르더라구요
6322,재밌었습니다
6323,많네요
6324,신선하고
6327,다르긴
6328,재미있고
6329,섹시하고
6330,이쁩니다
6331,재밌는
6332,재미있게
6333,있었고요
6334,화려한
6335,멋졌습니다
6336,멋졌습니다
6337,아니시더라구요
6340,괜찮더라구요
6341,재미있었습니다
6342,행복한
6343,역이였던
6344,깊었습니다
6345,재미있었습니다
6346,행복한
6347,괜찮았습니다
6349,있었어여
6350,단조롭다는
6351,아쉬웠음
6352,즐겁고
6353,섹시한
6354,재밌고
6355,멋있다면서
6356,좋아해줘서
6357,뿌듯했어요
6359,기대한만큼
6360,많음
6362,편했음
6363,재미있네요
6364,익살스런
6365,진한
6366,있을것
6369,멋진
6370,멋졌어요
6372,유명한
6373,많았다고
6374,재미있게
6375,재미있었습니다
6376,기대했던
6380,불편한
6381,아쉬웠습니다
6382,신나고
6384,기대했던
6385,좋아하는
6387,즐거운
6390,멋지십니다
6391,멋있는
6392,좋겠습니다
6393,신나는
6396,아쉬웠습니다
6398,섹시한
6399,넘치지도
6402,없게끔
6403,재밌었어요
6404,피곤했는데
6405,없었
6406,신기한
6407,안타까운
6409,놀랬어요
6411,즐거운
6412,멋지고
6413,귀엽고
6414,기대한만큼
6415,간드러지는
6416,낯설지
6420,잔잔함이
6421,귀엽고
6422,익숙하고
6423,익숙하고
6425,즐거운
6426,좋아하시네요
6427,재밌네요
6428,재밌었어요
6429,그럴거
6432,멋있는
6433,재밌습니다
6437,즐거운
6438,좋길래
6439,기대하고
6440,재미있었습니다
6441,만족했어요
6442,멋져요
6443,재미있게
6444,상당히
6448,안좋은
6450,이쁘
6451,멋진
6453,멋지더라구요
6454,부드러운
6455,섹시하면서도
6456,사랑스러운
6458,멋진
6461,유명한
6462,재밌었습니다
6463,있군요
6465,원하는것
6467,당연하듯이
6468,재밌고
6469,자자해서
6470,많이하고
6471,화려한
6472,멋졌고
6473,재밌었습니다
6474,재밌었던
6476,탄탄하고
6477,재미있었어요
6478,민망한
6479,있겠지만
6480,재밌었어요
6481,아닌듯
6482,괜찮았습니다
6483,미흡했습니다
6484,끊임없이
6485,지루하지
6486,재밌었어요
6487,흥겨웠던
6489,잔망스러운
6490,안된다고
6491,소소한
6492,있었고
6493,흥겹고
6494,귀여운
6495,발랄함이
6496,넘치는
6497,느끼한
6498,섹시함과
6499,넘치는
6501,가까운
6502,뜨거운
6503,힘들었던
6504,숨막히게
6505,신랄하고
6506,섹시함에
6507,영원하길
6509,노련함이
6511,훌륭한
6512,좋아하셔서
6513,대단한
6514,사랑스럽고
6515,즐거운
6517,행복했던
6519,신나는
6520,미쳐
6521,아니에요
6522,멋진
6523,기쁘고
6524,뿐이에
6525,반갑게
6526,피곤하실까
6528,인하여
6529,좁고
6530,강렬한
6532,흥미롭지는
6534,반해
6536,재미있었습니다
6537,익숙해서
6538,지루할
6539,같다는
6540,다양한
6542,다른거
6543,많아요
6544,아쉬웠음
6545,넓고
6546,많았다면
6547,화려하고
6548,멋있지
6549,멋진
6552,유명한
6553,필요없는
6555,훌륭하고
6556,상관없이
6559,많았어요
6560,유명한
6561,신나게
6563,멋진
6568,가까워서
6570,강렬하고
6571,좋았던
6572,멋졌어요
6574,나쁘진
6576,재밌어요
6577,빵터졌어요
6579,어려워요
6580,얄밉게
6581,좋구요
6583,많아
6584,화려하진
6586,어색하면서도
6587,멋진
6588,화려하고
6589,지루하지도
6590,가까워서
6591,충분히
6592,유쾌하다니
6593,가벼운
6595,즐거웠구요
6597,계시던
6598,즐거웠어요
6599,아쉬웠는데
6600,환했습니다
6602,화려한
6603,좋아해서
6605,신선했어요
6607,새로웠어요
6610,넘치는
6612,분명한
6614,화려한
6615,화려한
6616,화려한
6617,부족하고
6618,작아서
6619,화려하고
6620,부족하다
6622,그렇고
6623,아쉬운
6624,스러워
6625,기대한
6627,즐거웠던
6628,아름다운
6630,완벽함
6631,사랑스러
6632,재밌어요
6634,예쁘시더라구요
6636,조화롭게
6638,좋아하는데
6640,재미있고
6643,설레는
6644,기대했던
6645,재밌었어요
6646,괜찮았고
6648,멋진
6649,잘맞게
6651,화려한
6654,멋진
6655,흥분한
6656,화려한
6657,신나는
6658,유쾌한
6659,다르겠지만
6665,재밌다
6666,지루하지
6668,즐거운
6669,완벽했어요
6670,대단하셨고
6673,좋다고
6676,멋진
6677,있었구요
6678,훌륭했어요
6679,흥겨운
6680,넘치는
6681,무뚝뚝한
6682,많았는지
6683,재미있지
6684,있긴
6688,완벽한
6690,완벽하게
6691,재밌고
6692,유쾌한
6693,완벽한
6694,화려하지
6695,적절했던
6696,즐거웠습니다
6699,넘치는
6700,자리였던
6701,주요했던것
6703,좋았던
6704,멋진
6705,즐거운
6706,심심할
6708,좋겠네요
6711,좋아해주셔서
6712,뿌듯했습니다
6713,재밌는
6714,왠만하면
6715,재밌다고
6716,재밌다고
6717,후회되네요
6718,드문
6719,완벽한
6720,유명한
6721,대단한
6722,행복했어요
6723,가깝게
6724,있었거든요
6725,작아
6726,생생한
6727,자리였어요
6730,중요하지만
6731,중요한듯
6733,멋진
6735,재미있었어요
6736,좋아하거든요
6737,있었고
6738,재미있고
6739,괜찮더라고요
6740,뿌듯한
6742,입니당
6744,아니였습니다
6745,흥겨운
6747,유연하시고
6748,멋있었어요
6749,활기찬
6750,흥겹게
6751,시원시원한
6752,아쉽지만
6753,완벽한
6755,즐거운
6757,특별하게
6758,비싸서
6759,좋아하던
6761,기대했는데
6762,멋있어요
6763,시원시원하고
6764,조그맣구
6765,이쁘더군요
6766,대단하다는
6767,간절했습니다
6768,이럴
6769,즐거웠다라고
6772,즐거운
6773,즐거웠습니다
6775,비싸요
6776,가득한
6779,미치긴
6780,재미있었어요
6781,다르더군요
6782,이쁜가수가
6783,놀라웠어요
6784,재미있고
6786,좋았던
6789,풍부한
6793,지루한
6795,출중한
6796,풍부했어요
6797,있는것도
6798,독특했고
6799,없음에도
6800,화려한
6801,깊네요
6802,아깝게
6803,즐거운
6804,화려한
6805,화려하지
6806,충분히
6807,재밌었어요
6809,아니었습니다
6811,비싼
6812,장황한
6813,재미있게
6816,재미있어요
6817,탄탄한
6819,재미있는
6820,낮아서
6821,불편했습니다
6822,멋졌다
6823,적응하느라
6824,재밌었다
6825,아니였던거
6828,시원시원한
6829,좋게
6830,멋있어요
6832,멋있을수가
6833,멋있는
6835,반해
6836,기대하고
6837,신나고
6838,재미있게
6842,화려하고
6843,신나서
6844,즐겁게
6845,흠잡을
6847,즐겁고
6848,재미있고
6849,유쾌한
6850,멋진
6851,훌륭하고
6852,신선하고
6853,재미있었어요
6854,엄청난
6856,고프다
6857,아쉬운
6859,재밌어요
6863,섹시함과
6864,귀엽고
6865,멋있었어요
6866,신나고
6869,즐거워
6871,설레었는데
6872,기대한만큼
6873,멋진
6874,멋진
6875,화려하고
6876,없더군요
6878,없나
6879,기대했던것
6880,즐거웠습니다
6881,노련한
6883,못지않게
6885,화려함은
6886,부족한
6890,재미있었구요
6892,같았다
6894,좋았지만
6895,화려하고
6896,대단했다
6897,지루했다고
6898,깊은
6899,이뻐
6900,예뻐
6902,괜찮구요
6903,예쁘고
6904,사랑스럽더라고요
6905,멋졌고요
6906,기쁘게
6907,신나는
6908,훌륭했습니다만
6909,다르니까
6910,아쉬웠지만
6911,즐겁게
6912,화려한
6913,가득한
6914,멋졌습니다
6915,만족스러웠던
6917,편리하고요
6918,만족스러웠던
6920,기대하던대로
6921,화려하고
6922,재밌었어요
6924,걱정스럽
6925,재밌다
6926,익숙한
6927,좋아하신것
6929,명확하지
6930,안타까웠습니다
6931,대단했습니다
6932,멋있었던
6933,두드러지게
6936,괜찮았어요
6937,괜찮았어요
6938,힘들
6939,있었네요
6943,덜했었는데
6944,멋졌습니다
6948,있으시고
6949,멋지고
6950,재미있는
6953,훌륭했어요
6954,쉬운
6955,아니라고
6956,정확한
6957,재미있게
6958,무거운
6959,즐겁고
6960,신났어요
6961,약하고
6962,좋았을텐데
6964,같음
6965,설렘
6966,엄청나게
6967,즐거웠습니다
6968,재밌는
6969,어마어마합니다
6972,만족스러운
6974,멋진
6975,섹시했어요
6976,마른
6977,날카로운
6980,반해
6981,민망할수
6982,있는데요
6983,탄탄한
6984,상관없이
6986,멋있었어요
6988,탁월한
6989,신나고
6990,즐겁고
6991,민망하다는
6992,섹시하면서
6993,재미있는
6994,넘치는
6998,시원시원했고
6999,멋졌고
7000,추웠습니다
7001,추워서
7002,익숙한
7003,재미있는
7004,멋진
7005,즐거운
7006,익숙한
7007,재미있는
7008,멋진
7009,즐거운
7010,즐겁게
7011,오붓하게
7013,즐겁게
7014,적당한
7016,만족스럽습니다
7018,많으면
7019,좋겠네요
7022,멋져요
7023,화려한
7025,부족했던
7026,만족함
7028,야하다는
7029,멋지다
7030,멋졌음
7031,재밌었습니다
7032,완전히
7033,단조로웠고
7034,지루했으며
7035,되는
7036,아프고
7037,있었음
7038,솔직하고
7039,냉정한
7040,젊은
7042,답답하다
7043,화려하고
7044,멋있네용
7045,화려한
7046,신나는
7049,재밌었어요
7050,좋아하시고
7052,민망할수도
7056,미는
7057,분주한
7058,적당한
7060,즐거웠습니다
7062,행복하고
7063,즐거운
7064,좋게
7066,멋져요
7067,스러웠으나
7068,많기도
7069,안되긴
7071,섹시하긴
7072,흥겨운
7077,음산한
7078,약한
7079,심할
7081,덜한
7082,쉬웠고
7084,좋았지만
7086,날카로운
7087,저렴하다
7088,있다와
7092,성실히
7093,많다
7096,특별한
7099,다양하게
7102,우선하는
7103,좋았지만
7105,가녀린
7107,멋지다
7110,다를
7113,어려웠다
7114,쉬워
7118,착한
7119,미워할
7122,따뜻한
7124,단순하지만
7125,풍부한
7128,강력한
7129,다양한
7131,재밌고
7132,멋있었어요
7134,그랬어요
7135,이뻤어요
7137,가득한
7138,아쉬운
7139,날카로운
7140,불편했던
7141,간단히
7142,가능했고
7143,편했다
7144,탁월한
7145,멋진
7146,한산한
7147,멋진
7149,노련하며
7150,훌륭하여
7151,완벽하여
7152,즐거운
7153,기뻐하
7156,화려하고
7157,시원시원한
7158,원한다면
7159,원한다면
7160,좋아하는
7161,멋지고
7162,스럽네요
7164,웬만하면
7165,흥미롭진
7168,멋졌어요
7170,새로운면도
7171,즐거웠어요
7172,좋게
7173,재밌었고
7178,다양한
7179,즐겁고
7180,신나는
7181,멋진
7184,지루하다
7186,재미있어
7187,재미있어
7188,흥겨운
7189,완벽한
7190,기대하고
7191,충분히
7192,만족한
7194,생생하게
7195,어려웠습니다
7196,좋을
7199,즐겁게
7202,같진
7205,충분했습니다
7206,재미없으실
7208,좋다길래
7209,높았습니다
7210,아닌데
7211,명확하게
7212,정확하게
7214,완전히는
7215,좋았을
7217,스러웠습니다
7218,좋았던
7219,좋아하셨습니다
7220,화려한
7221,멀기에
7223,아니었을까
7225,재미있네요
7226,더군요
7228,뛰어나시지만
7229,계시다는데
7231,계실지
7233,재미있었어요
7234,재미있게
7236,좋더라구요
7237,지루하지
7239,유명하거나
7241,재밌고다
7243,이런게
7245,유명하니까
7246,없겠지만
7247,엄청난
7248,굉장했습니다
7250,어설프지만
7253,예쁘고
7254,덜해서
7255,아쉬웠어요
7257,섹시하게
7258,그런것
7260,즐거운
7262,높아
7265,있었으나
7266,괜찮았어요
7268,새침한
7269,지루하지
7270,짧고
7271,굵은
7272,충분했습니다
7273,탄탄한
7277,재미있으셨다고
7279,멋진
7280,신나게
7281,놀라웠습니다
7282,뛰어나고
7283,재미있는
7285,색다른
7286,대단하구나
7287,멋지십니다
7289,자연스러운
7291,유명한
7292,밋밋하게
7293,좋다고
7294,재밌었어요
7295,신나고
7297,즐거웠어요
7298,만족해서
7299,환해졌습니다
7300,좋아하시는
7301,즐거운
7302,재밌다거나
7303,화려하진
7304,완벽한
7305,대단해서
7309,재미있었어요
7311,재밌었어요
7313,괜찮네요
7315,아쉬운
7316,강한
7317,멋있습니다
7318,재밌었어요
7320,멋있었습니다
7322,많다는거겠죠
7323,신나고
7324,섹시한
7326,신나고
7327,즐거운
7328,화려하고
7329,길은
7331,비슷한
7332,어색한
7333,애매하게
7335,있었고
7337,아쉽긴
7338,그랬는지
7339,흥겨운
7341,넘치는
7342,만족스런
7344,어렵게
7345,아프거나
7346,면밀히
7347,있었고
7348,유명한
7352,아쉬운
7353,아쉬웠던
7356,안되고
7357,느슨해서였던
7358,재미있게
7360,그랬어요
7363,탄탄한
7364,많겠는걸
7365,짜릿함을
7366,없기에
7367,고맙다고하고
7369,없었구요
7372,가까워서
7373,고마웠습니다
7375,재미있었어요
7376,재미있게
7377,재미있었어요
7378,저렴하게
7380,즐거웠구요
7383,저렴하게
7384,만족합니다
7385,괜찮았어요
7386,편하고
7387,신나게
7390,섹시한
7393,없던
7394,좋지
7395,헷갈리셨나
7397,산만하게
7398,넘치는
7399,엄청난
7400,멋있었어요
7401,상당히
7405,좁은
7408,아팠습니다
7409,아까웠습니다
7410,열악합니다
7411,스럽다고
7412,좋아하지
7413,예쁘고
7414,사랑스럽기까지
7415,노련해서
7416,필요없구요
7417,있긴
7418,재밌었어요
7419,만족하나
7420,덜했음
7421,깔끔하고
7425,좋더라구요
7426,기대하고
7427,실망한다는데
7428,기대한것
7430,경쾌하고
7431,재밌었습니다
7433,힘들
7434,충분한
7435,계시더라고요
7436,아쉬웠던
7437,아닌냥
7438,부족한듯
7441,재미있었던
7442,넘치시더군요
7443,멋져요
7444,대단한
7445,분명한
7446,고마워요
7447,신나신나
7448,답답한
7449,좋아해서
7450,멀어서
7451,불편했지만
7453,고맙습니다
7454,신선함을
7455,즐거운
7456,높아서
7457,답답했다
7458,안좋은지
7459,강해서
7460,아쉬웠다
7461,재밌어요
7463,예쁘고
7464,멋집니다
7466,행복했어요
7468,새로
7470,자세한
7471,즐겁고
7474,넓고
7475,가깝고
7477,쿨하게
7478,만족했고
7479,재밌었어요
7480,좋으시고
7481,면밀히
7482,없었으나
7483,즐겁고
7484,재밌는
7485,상쾌한
7486,신나는
7489,딱딱할줄만
7490,즐거워서
7492,소중한
7493,즐겁게
7496,유명하신지라
7497,굉장하셨고
7498,놀라웠던
7499,완전히
7500,다양한
7501,유머러스한
7503,지루하지
7504,깊었습니다
7505,완벽한
7506,즐거웠습니다
7507,즐거웠던
7509,즐거웠고
7510,재밌었어요
7511,끝내줬네요
7513,멋졌어요
7514,기대한
7515,재미있었던
7516,저렴했으면
7517,있을텐데
7520,화려하고
7521,좋았겠다는
7523,짧은게
7524,아쉽습니다
7525,멋져요
7526,행복했어요
7528,신나는
7530,즐거운
7531,어둡고
7532,무거운
7535,재미없으면
7536,다행히
7537,소소한
7539,어색했어요
7541,조아서
7543,어려운
7544,멋진
7545,계셔서
7546,부러웠습니다
7547,나쁘긴
7549,재미있게
7552,기대한
7553,탄탄한
7555,신나는
7556,신나는
7557,시원시원한
7558,어떨지
7559,부족한건
7568,아쉬운
7574,지루한
7577,좋았던
7578,작아서
7582,특별한
7583,발랄함이
7584,아쉬웠다고나
7586,즐겁게
7589,유쾌하고
7590,넘쳤고
7591,스럽고
7592,즐겁게
7593,편히
7595,즐거웠고
7596,좋더군요
7599,아쉬었다
7600,멋있었음
7603,특별한
7604,발랄함이
7605,아쉬웠다고나
7607,즐겁게
7612,좁은
7613,멋진
7614,즐거웠습니다
7615,화려한
7616,충분하고
7617,생생한
7618,아름다운
7620,멋졌어요
7621,즐거웠습니다
7622,재미있게
7624,재미있게
7625,지루한
7626,있더라구요
7627,특이하겠지
7629,좁아서
7630,다양한
7631,화려함을
7632,없었지만
7634,훌륭했습니다
7635,대단하네요
7637,재미있다고
7638,지루할
7640,있었네요
7641,대단하고
7642,재밌었습니다
7643,좋았다고
7644,좋았다고
7646,섹시하다
7647,유머러스하고
7648,귀엽다
7649,멋있고
7651,멋있었다
7652,좋아하는
7654,즐겁게
7655,화려하고
7658,부탁드립니다
7660,멋있어요
7662,완벽한
7665,자리는
7666,아니었지만
7667,멋진
7671,강하고
7672,스럽다가도
7673,후련하기도
7675,섹시한
7676,같더라구요
7677,섹시하고
7678,멋지고
7679,유쾌한
7680,강력하게
7682,맛깔나게
7683,좋았지만
7684,유명하다고
7685,많더라구요
7686,같을
7687,기대하고
7688,실망했다는
7689,많던데
7691,괜찮았어요
7692,재밌었다고
7693,유명하신만큼
7694,다른거
7695,괜찮았던
7697,유쾌한
7699,재밌었구요
7700,가능해서
7701,화려하게
7703,지루한
7705,재미없다는
7706,괜찮은
7707,대단한거
7709,재밌게잘
7710,당혹했다
7713,자리는
7715,아닌것
7721,비슷하다는
7722,있었겠지만
7724,비슷한
7725,약하다는
7726,강해서
7728,좋게
7731,재미있게
7732,즐거운
7734,뿌듯합니다
7736,즐거웠습니다
7737,멋진
7738,즐거웠습니다
7739,멋진
7740,멋지고
7742,좋아했던
7745,멋진
7746,즐거운
7748,아쉬운대로
7749,충분히
7751,황홀하네요
7753,미안하기도
7754,기대합니다
7755,섹시한
7756,뻔하면서도
7757,사랑스런
7758,좋아하는데
7759,놀라웠던건
7760,풍부한
7761,완벽한
7766,좋으나
7767,지루하네요
7770,깊었구요
7771,아쉬웠던
7772,지루해졌던
7773,같았던
7775,지루하더군요
7776,괜찮은
7778,엄청난
7779,놀래고
7780,멋있는
7781,좋았던건
7783,좋아하지만
7784,빠르게
7785,있었구요
7786,신나고
7787,시원시원한
7788,드러진
7790,없게끔
7791,안타까웠습니다
7793,힘들었는데
7794,드러진
7795,유명하신
7796,멋졌어요
7797,멋집니다
7798,행복합니다
7799,재미있게
7800,지루할
7801,즐거운
7802,재미없었다
7803,비싼
7804,재미없었다고
7806,스럽고
7809,좋았구요
7810,가까운
7811,작았지만
7815,멋진
7816,넘치는
7817,무더운
7818,같았던
7820,섹시함을
7822,같으니
7824,신나고
7825,재미있네요
7826,멋있어서
7830,기대한만큼
7831,재미있었어요
7832,멋져요
7833,어느덧
7834,화려한
7836,멋진
7838,멋졌어요
7839,멋진
7840,민망한
7843,반가웠어요
7844,멋지신
7847,멋진
7850,멋진
7851,많더라구요
7855,즐거운
7856,재밌어요
7857,멋있어요
7858,멋지셨고
7859,화하신거
7861,멋진
7863,어느새
7864,재밌어요
7865,기대했던만큼
7866,재미있는
7867,재미있게
7868,좋을듯
7872,멋있음
7873,좋음
7874,좋았으나
7876,기대하고
7877,아쉬웠지만
7878,재미있고
7879,신나던
7881,멋졌어요
7882,아쉬웠지만
7883,나쁘진
7884,딱히
7885,좋지도
7886,안좋아
7887,어리둥절해
7888,훌륭했습니다
7890,미칠수도
7892,완벽하게
7893,없을거란
7895,있는건데
7896,계시데요
7897,시끄럽게
7899,안되는거
7900,아닌가요
7901,좋아도
7902,어수선하면
7903,안되요
7904,기대하고
7908,흥겨운
7910,좋을
7911,같다는
7912,좋았구
7913,있구
7914,사랑스럽구
7915,무섭고
7916,재미있기도
7919,특이하기도
7921,좁아져
7922,좁지
7923,과격하고
7925,훌륭한
7927,아쉬운
7931,많았는데
7933,유명한
7934,황당하기까지
7935,아쉬웠습니다
7937,가능한
7938,중요한
7939,훌륭한
7942,아쉬웠던
7943,없더라도
7944,멋지고
7945,훌륭한
7947,있었겠으나
7948,익숙하지
7949,아쉽습니다
7951,훌륭한
7952,뛰어난
7953,유쾌한
7960,더군요
7961,지루한
7963,즐겁게
7964,신선했고
7965,얄미울
7967,괜찮더라구요
7972,좋겠습니다
7973,재미있게
7974,넘치던
7975,발랄한
7976,흥겹고
7977,재미있는
7979,지루했지만
7980,멋졌구요
7981,즐거운
7982,재미있게
7983,기대한
7984,노련한
7986,화해서
7987,재미있게
7988,아쉬웠어요
7990,재밌었어요
7991,화려함에
7992,재미있어하시더라
7993,좋아하는
7994,아니라서
7995,예쁘고
7996,같더라
7998,같아여
7999,부럽습니다
8001,재미있게
8002,많다
8003,좋았던거
8005,화려한
8007,신나고
8008,재밌었다
8009,추하고
8010,유명하고
8014,대단하시더라구요
8015,예쁘고
8016,하얗고
8017,사랑스러우셨고
8018,필요없었습니다
8019,멋지셨어요
8020,재미있게
8021,그러고
8025,없는게
8026,아쉬웠지만
8027,지루하지
8028,즐겁고
8030,신나고
8031,있구
8032,신선해요
8034,설레고
8041,멋져
8042,재미있었어요
8043,즐겁고
8044,신나는
8047,절묘한
8048,즐거운
8049,어눌한
8050,어색한
8051,아쉬웠네요
8053,있으나
8055,그렇고
8056,아플
8057,아픈줄도
8058,아프네
8060,반하고
8061,멋진
8062,멋지고
8063,즐겁게
8064,많았고
8065,재밌었습니다
8066,노련한
8067,좋았구요
8068,먼가
8069,없는것
8071,아쉬워요
8075,안되기
8076,아쉽긴
8078,완벽하더라구요
8079,좋아하는
8081,필요없습니다
8082,재밌고
8083,즐겁게
8084,발랄한
8086,아쉬운
8088,강렬하게
8090,아쉽네요
8091,재밌습니다
8093,정당한
8095,유쾌하고
8096,현란한
8098,멋진
8099,멋있었고
8100,유명하고
8101,탄탄한
8104,있었습니다만
8105,더해진
8107,이었
8108,좋아해서
8109,유명하기도
8110,섬세하고
8111,아름다웠습니다
8113,당당하고
8114,멋지게
8115,반하고
8116,훌륭했습니다
8117,아닌데
8118,이쁘고
8119,멋있게
8121,넘치는
8122,사랑스러운
8123,귀여운
8125,아님에도
8127,행복했습니다
8129,탄탄했고
8132,지루할
8135,유명한
8138,좋게
8141,유명한
8142,출중하신
8143,멋진
8144,딱딱한
8148,지루하지도
8149,만족스러운
8150,재미있고
8151,즐거웠습니다
8152,훌륭한
8156,스럽
8159,뻔뻔스럽고
8160,얄밉도록
8163,좋아하는
8164,좋았고요
8165,출중하고
8166,섹시하니
8167,능글맞은
8168,좋더라구요
8169,생생했고
8171,말랑말랑해지고
8174,기대하는
8175,기대하는
8176,재미있는
8178,깨끗하고
8179,좋았구요
8180,화끈하고
8181,멋있고
8182,재밌고
8183,섹시한
8184,끝내줬어요
8185,화려한
8186,화려한
8187,야할지
8188,멋졌어요
8189,안되서
8190,던거
8193,스러웠는데
8194,즐거웠어요
8195,끝내주게
8196,섹시하네요
8197,섹시하면서도
8199,화끈한
8200,빈약함에
8202,허전함이
8203,있었네요
8204,멋진
8208,즐겁게
8210,멋진
8216,작아서
8217,실망했지만
8218,훌륭했어요
8219,심하던지
8220,즐거운
8221,필요없는
8223,황홀했던
8226,가득했던
8227,멋졌다
8228,아름다웠고
8229,멋졌고
8230,유머러스한
8231,완벽히
8232,좋겠다
8234,노련해지시는것
8236,저렴한
8237,즐거운
8238,자세히
8240,멋있으셨어요
8241,좋았으나
8244,그런거
8245,즐거웠어요
8247,빈약해서
8248,있진
8250,지루한
8253,특이했고
8254,넘치는
8255,재미있었습니다
8256,빠른
8257,있긴
8258,기대했던
8259,부족한
8260,그랬나
8262,기대하고
8266,화끈한
8267,즐겁게
8269,중요하다는
8273,섹시하시고
8275,멋있으세요
8276,좋게
8277,예뻐요
8278,좋으세요
8279,지루하기는
8280,신선했지만
8281,재미있게
8282,잘맞고
8284,있었고
8285,있었고
8288,기대했던
8289,재밌었어요
8292,시원하네요
8293,재미있어서
8296,이쁜거
8298,멋져
8299,많으셨는데
8300,좋을듯
8301,완벽한
8302,재미있었습니다
8303,아름다운
8304,빠른
8305,느린
8307,즐거운
8308,멋진
8309,미워할수
8312,이렇게나
8313,섹시한
8314,반해서
8316,멋있는
8317,지루하기
8318,강합
8319,귀엽고
8321,멋진
8322,깊었어요
8323,대단했다
8324,못지않게
8325,멋있었다
8326,지루하고
8327,멋져서
8330,완벽한
8331,멋진
8333,유명한
8334,훌륭한
8335,가까운
8337,화려한
8338,재밌었어요
8340,신선한
8341,유쾌한
8342,간단한데
8343,화려해서
8344,신나고
8345,재밌었습니다
8347,멋있는
8349,재미있고
8350,유쾌했습니다
8351,있더군요
8352,좋아해서
8354,좋아하고
8357,앙큼하게
8359,아쉽다
8361,멋있으세요
8362,지루할
8363,즐겁게
8364,탄탄한
8365,즐거운
8366,가벼운
8368,싫어하는데
8369,없죠
8370,만족스러운
8373,더말이
8374,필요없고
8375,성숙해진
8376,조화로운
8378,원하던
8380,만족했어요
8381,행복해여
8382,가까워서
8383,조았구
8385,평범했는데
8386,강하더라구요
8387,스러우면서도
8388,강해서
8390,화려한
8392,즐겁게
8393,좋게
8395,필요없네요
8397,즐거운
8398,가까워서
8403,즐거운
8404,재밌다고
8405,멋있어요
8406,노련함
8408,기대했던
8410,멋지십니다
8411,멋지십니다
8412,부담스러워요
8413,불편하기도
8416,안되었던것
8421,지루했습니다
8423,섹시하고
8424,당당한
8425,깜찍한
8426,사랑스러웠음
8427,아쉽당
8429,넓은
8430,화려한
8431,넓고
8432,적당해서
8434,즐거운
8435,고맙다며
8436,기뻐하였습니다
8437,갑작스럽게
8439,좋아해서
8440,좋았네요
8441,즐거운
8442,어두워서
8443,아련하게
8444,유명한
8445,멋있으셨어요
8449,시원시원한
8450,화끈한
8452,섹시한
8453,즐거운
8455,재미있는
8457,후련해지는
8458,화려한
8459,대단했다
8460,우수한
8461,생생함을
8462,행복한
8464,섬세하게
8466,생생함이
8469,있을거란
8470,유명한
8473,섹시한
8475,섹시함이
8478,경쾌한
8480,멋져
8482,민망해서
8483,괜찮더라구요
8484,친근했습니다
8487,만족스러운
8488,멋지고
8489,화려했으며
8497,지루하지
8498,유쾌합니다
8500,아닌거
8502,깊은
8503,독특한
8504,멋진
8507,화려한
8508,신나는
8510,재미있
8518,드라마틱했기에
8520,없다며
8521,없다는
8522,멀어
8525,완벽히
8527,맛있는
8530,멋있고
8531,귀여웠어요
8532,유쾌한
8534,무거울줄
8536,즐겁
8537,즐거운
8538,넘치는
8539,멋진
8540,꼬인
8542,멋진
8544,다를
8545,알차게
8546,넘치는
8547,멋진
8548,즐거웠습니다
8549,노랠
8550,신나고
8551,아리송했지만
8552,재밌을
8556,섹시하고
8557,멋지
8559,즐거운
8561,더한거
8563,좋았구요
8564,없게
8565,독특했던
8566,아름다운
8567,화려하고
8568,독특한
8569,황홀하게하기에
8570,충분했다
8573,좋겠네요
8574,대단해요
8576,어렵게
8578,즐겁게
8581,멋지고
8583,즐겁고
8585,즐거운
8587,신나고
8588,즐거운
8589,기뻤습니다
8590,멀었던
8591,기대했던
8594,재밌었어요
8595,좋으시고
8600,없게
8601,섹시하고
8602,지루할
8606,엄청난
8607,멋진
8609,유쾌한
8611,있었을까
8612,멋졌어요
8613,신나고
8614,멋있었습니다
8615,멋지네요
8616,재밌었어요
8617,좋았네요
8618,아쉬웠네요
8620,인하여
8625,궁금했고
8626,아무런
8627,재밌고
8628,멋지고
8629,신났음
8630,불편한거
8631,완벽했음
8633,대단하네요
8634,재미있게
8635,급히
8636,없었지만
8637,기대하는
8639,같다며
8640,신나는
8647,좋지만
8648,아쉽긴
8649,멋진
8650,대단하더군요
8653,멋지십니다
8654,재밌었습니다
8655,재밌어요
8656,짧아요
8657,재밌어서
8660,없는게
8661,아쉽지만
8663,변함
8664,재미있습니다
8665,생생하다는
8666,좋음
8667,멀지
8668,멋있음
8669,섹시하고
8670,멋짐
8671,재밌음
8672,부적절할것
8674,좋더라구요
8675,사랑스러웠던
8677,어마어마하더라구요
8678,즐겁게
8683,멋진
8684,아니여서
8685,재미있을지
8689,멋지고
8690,알찼어요
8691,신나고
8692,신나고
8693,화려하고
8694,즐겁게
8699,기대할게요
8700,이었습니다
8701,높았습니다
8703,좋구
8704,재미있어
8706,멋졌고
8707,훌륭한
8709,섹시한
8711,충분히
8712,있었으나
8713,더해진
8714,작아
8715,재미있는
8718,멋진
8719,유명한지
8720,재밌었어요
8721,아쉬운것
8723,귀엽게
8726,있었서
8727,많았다
8729,지루할
8730,멋졌습니다
8731,재미있게
8732,좋거나
8733,좋거나
8734,실망한
8735,많았는데
8738,유쾌해서
8739,즐겁게
8740,훌륭했어요
8741,좋았구요
8742,즐겁고
8743,신나는
8744,유명한
8745,재미있었어요
8746,새로운
8747,편하고
8749,유명한
8750,지루했고
8751,가까웠지만
8752,멋있었습니다
8754,좋았음
8755,아쉬운게
8756,재미있었어요
8757,좋았답니다
8759,멋져서
8760,기대했던것
8764,힘들지
8765,재밌음
8766,좋았을텐데
8767,아쉽
8769,멋진
8770,유머러스한
8771,유쾌한
8772,유쾌했지만
8777,대단하다는
8778,만족해하시고
8779,뿌듯했어요
8780,야무진
8781,재밌어용
8782,저렴하게
8783,넓고
8784,끝내주는
8786,신나고
8787,즐겁게
8788,있었던것
8791,화려한
8792,반해
8795,편안한데
8796,시원시원하게
8797,설레고
8798,좋았던
8801,즐겁고
8802,유쾌하고
8806,훌륭하고
8807,없어선
8808,어색하신
8809,멋있었습니다
8810,엄청난
8811,놀랬네요
8812,안된다는
8813,강한
8815,노련한
8816,화려한
8820,엄청난
8821,다르지만
8822,저렴하게
8823,없겠지만
8825,귀엽고
8826,화끈하고
8828,좋아하셨내요
8830,그랬는지
8831,없더라구요
8832,강했으나
8833,좋더라구요
8834,아쉬운
8837,불편하더라구요
8838,좁고
8839,낮아서
8842,재미있었어요
8844,속상해여
8845,화려한
8846,넘치는
8847,화려한
8849,신나고
8852,좋구요
8856,야하다는
8857,괜찮은
8859,재밌음
8861,안되니
8862,그러한
8863,없었으며
8865,짜증났음
8866,안되고
8867,좋아해서
8870,중요한건
8871,아까웠을것
8874,같기두
8875,지루했어요
8876,아닌것
8877,같더라구요
8878,좋았지만
8879,시원하게
8881,멋져요
8883,아쉬웠다
8884,좀있었고
8885,좁았고
8886,불편했다
8887,신나는
8889,완벽합니다
8892,행복했습니다
8893,어떨지
8894,궁금했는데
8895,화려하진
8896,단조롭지도
8897,넘쳤어요
8898,즐거운
8900,멋있는
8901,멋있었어요
8902,지루하고
8903,필요없는
8904,많아
8905,서운했는데
8906,재미있게
8907,즐거웠어요
8908,좋아하셔서
8911,완벽했습니다
8912,예쁘고
8914,멋있었어요
8917,실망했습니다
8918,비싼
8919,아깝더군요
8920,깊었어요
8921,좋은데
8922,화끈해져서
8923,반하고
8924,반한다는
8925,만족스러웠고
8927,나쁘지
8928,짜릿해진만큼
8929,좋아하는
8932,정확한
8933,진정한
8935,섹시하고
8936,귀엽고
8937,사랑스러운
8938,기대했던
8939,만족스러웠던
8940,재밌어서
8941,뻔했습니다
8942,멋진
8944,멋있어요
8945,넘치는
8949,넘치셔요
8950,좋더라구요
8952,훌륭한
8954,즐겁게
8956,밋밋하게
8957,즐겁게
8958,깜찍하고
8959,귀여운
8960,강한
8962,멋있었던
8963,유머러스한
8964,멋진
8965,충분했습니다
8967,피곤했었는데
8968,반하게
8969,섹시하고
8970,재밌는
8971,재밌다고
8972,그러더라구요
8974,기대했던
8975,멋진
8976,신난
8978,재미있게
8979,추하고있다는
8982,재미있게
8983,추하고있다는
8985,유명한
8986,유명한
8988,어떨지
8989,화려함이나
8991,아쉬웠지만
8992,즐겁게
8995,아프죠
8996,화려한
8998,중요한
8999,아쉬웠어요
9000,노련한
9002,유명한
9004,재밌었다는
9006,그렇고
9010,부족하다
9011,괜찮았어요
9012,가볍게
9013,적당히
9014,유머러스하고
9015,좋을
9017,아니였네요
9018,노련한
9019,신나신나
9020,섹시한
9021,황홀한
9022,미친듯이
9023,특이했나
9024,영원히지지
9025,이쁩니다
9026,비슷한
9028,이런거겠지만
9029,지루하네요
9031,힘들어도
9032,궁금하고
9035,강력한
9036,같았거든요
9037,멋있었지만
9039,없다는
9040,대단한거
9042,완벽했어요
9043,신나는
9044,아름다운
9045,탄탄한
9047,멋진
9049,그런데도
9052,화려한
9055,멋지세요
9057,좋아하고
9058,궁금해서
9059,시원시원한
9060,시원시원한
9061,넘치는
9063,없게
9065,시원한
9067,넘치는
9068,짠한
9071,섹시한
9072,있었기에
9073,재미있게
9075,야해서
9077,시원하고
9078,화려한
9079,다양한
9080,화려한
9081,더해
9082,화려하여
9083,시원하게
9087,시원함을
9088,넉넉한
9090,재밌네요
9091,화려하고
9092,섹시한
9094,다르구나
9095,즐겁고
9096,행복한
9097,귀엽고
9098,멋지더군요
9100,화려함은
9101,아쉬웠지만
9102,깊었습니다
9103,멋있으세요
9104,기대한
9105,딱이었어요
9106,멋졌어요
9108,빠르고
9111,중요한데
9112,부족해요
9113,부족한게
9114,빈약해요
9115,무섭게
9116,아니니깐
9117,부족한듯
9118,부족하고
9119,작아요
9120,흡족했던
9121,부족한
9123,있었던거
9127,멋진
9129,섹시한
9130,지루할
9132,있긴
9133,괜찮았어용
9134,재미있고
9136,작은게
9137,아쉽
9138,재미있어요
9139,섹시한
9140,바빴습니다
9142,진지하고
9143,잔인하다
9146,이런게
9147,안되서
9149,괜찮았다
9150,같았는데
9151,좋아했지만
9153,이럴
9156,재미있게
9157,재밌었어요
9158,반했습니다
9159,있었고
9160,강렬한
9161,새롭게
9164,지루할
9167,재미있게
9170,화끈하고
9171,신선한
9172,아쉬울
9173,재밌구
9177,많구나
9179,경쾌하면서도
9180,재미있으면서도
9182,엄청난
9184,좋아하셔서
9185,곱니다
9186,짧아서
9187,아쉬웠지만
9188,재밌었어요
9189,안좋고
9190,안되었어요
9191,존듯
9192,좋아하는
9193,귀여우셨던
9194,이쁘
9195,즐거운
9196,우울한
9197,무식했나요
9199,멋진
9200,입니당
9201,멋져요
9202,만족스런
9203,재미있는
9204,재미있게
9205,즐거웠고
9206,흥미로웠다
9207,강력히
9208,재밌다
9210,잔혹한
9211,유쾌하고
9212,통쾌하게
9213,짧은
9214,가득하다
9215,아쉬웠고
9218,작아서
9220,너무해서
9221,괜찮은
9222,같긴한데
9224,답답해
9225,재미있게
9227,귀여웠으면
9228,좋겟다는
9230,멋져요
9231,새로운
9232,귀여우셨어요
9233,훌륭했습니다
9234,재미있게
9235,없구요
9238,멋지더라구요
9239,아기자기하며
9241,아쉬운게
9244,무더운
9245,있을것이다
9246,특별히
9247,좋아하는
9248,있기도
9249,아니었다
9251,탄탄해서
9252,완벽했고요
9253,풍부한
9255,아쉬운건
9256,유명한
9257,아쉽긴
9259,기대했던
9260,멋있어요
9261,깨끗한
9263,완벽했습니다
9264,어설퍼서
9265,멋있었습니다
9266,멋졌구
9268,신선했어요
9270,없어도
9271,멋진
9274,멋진
9275,즐겁게
9276,새로운
9280,안되는게
9281,아쉬웠어요
9282,작다는
9283,아니신
9284,재미있고
9285,흥미롭게
9286,신나고
9287,재밌어요
9288,지루할
9289,뿐이었고
9290,재밌었어요
9292,같다는
9293,멋지게
9294,대단하시더라구요
9295,아쉬웠어요
9296,훌륭했는데
9297,그렇고
9298,같긴
9300,그러네요
9302,부럽던지
9303,즐겁게
9304,어렵게
9306,작아서
9309,좋앗다
9310,섹시하고
9311,멋진
9313,재밌네요
9315,시원하게
9316,어색하더라
9317,좋은데
9318,깜찍하고
9319,즐거운
9321,가볍게
9322,괜찮은
9323,안녕하세요
9325,아프지요
9326,깨끗하고
9327,좋답니다
9328,좋아하지
9329,다를거라고
9330,아프면
9331,대단하네요
9333,있답니다
9334,좋아하지만
9335,좋아한답니다
9336,깊고
9337,좋아하는
9338,반가워하네요
9339,멋있답니다
9340,즐겁고
9341,즐겁네요
9342,역히
9343,진정한
9344,예뻐요
9345,착한
9346,착한
9348,좋아해서
9349,좋게
9351,박할
9352,박할
9354,있는것이
9357,싫어하는
9358,좋다고
9361,들떠
9362,스러
9363,아쉽더라고요
9364,피곤하
9365,화려한
9366,훌륭한
9367,흠잡을
9370,지루한
9372,덜한거
9374,노련함이
9375,훌륭함
9376,섹시한
9377,재미있습니다
9379,재미있어요
9380,맛있게
9381,짧은
9382,시원하게
9383,없었구요
9385,아쉬운
9386,있었다면
9387,끝없는
9388,같기에
9389,행복한
9391,스럽고
9392,섹시한
9393,화려한
9395,약한듯
9396,귀여운
9397,다름없는
9398,재미있습니다
9399,재밌습니다
9400,멋진
9401,무겁지
9404,가볍지
9405,멋졌어요
9406,탄탄한
9408,당당하게
9409,있을만큼
9411,귀엽고
9412,이뻤어요
9413,완벽하셨고요
9420,있으세요
9422,지루하게
9423,화려하고
9424,짱짱합니다
9425,맛깔나는
9426,화끈한
9428,지루하지
9430,재밌었어요
9432,아쉽습니다
9433,화려한
9434,뛰어나시고
9435,비싼
9436,좋게
9437,생생하게
9438,생소하였으나
9439,재미있게
9441,있겠다는
9442,부러워
9443,아쉬운건
9444,필요한
9445,아쉬웠다고
9447,변하는
9448,힘없고
9450,불편하고
9451,느끼하고
9452,섹시한
9454,능글맞고
9456,고마운
9457,어렵다면
9458,좋아하지
9459,반할만
9460,대단한
9461,많은데
9462,진부한
9463,다양한
9465,아니더군요
9466,끝내줬습니다
9467,강렬한
9468,덜했다는
9471,작아서
9472,작았던게
9473,아쉽지만
9476,있으시면
9477,유명한
9478,좋구나
9481,멋진
9482,재밌긴한데
9483,넓게
9484,지루하더라구요
9485,멋진
9487,없구
9488,짧아서
9489,아쉬운
9491,유명하여
9492,멋진
9494,있는게
9497,좋아했고
9498,좋아하더라구요
9501,흡족했습니다
9503,간단히
9504,즐거운
9505,장황한
9508,아니었다
9509,아니었다
9510,짙게
9511,즐겁지만
9513,소소하게
9514,특별했던
9516,쏠쏠했어요
9517,아쉬운
9519,아쉬웠어요
9520,있겠지만
9521,아쉬운
9523,아니였나
9524,새로운
9526,재미있고
9527,멋진
9531,완벽할
9534,좋아해서
9535,멋있었고
9536,좋았네요
9538,괜찮았구요
9540,있었으며
9542,부족한
9543,야한다는
9546,좋을것
9552,화려하게
9553,화려함과는
9554,신선하고
9555,즐거운
9557,재밌어요
9559,재밌고
9560,화려하고
9561,추해요
9562,유명한
9565,못지않게
9566,높았습니다
9570,대단하다
9572,어려운데
9573,대단하게
9574,재미있는
9575,유명한
9576,유명한만큼
9577,톡톡히
9580,좋을꺼
9582,멋있는
9584,재미있고
9585,신났던
9587,좋을꺼
9590,즐겁고
9591,행복한
9592,즐거운
9593,부러워하고
9594,재미있겠다고
9595,있더군요
9596,괜찮았던
9597,아쉬웠구요
9598,없다는
9599,좋았는데
9600,좋지
9601,아쉬웠어요
9603,유명한
9604,좋을
9606,대단하다
9608,어려운데
9609,대단하게
9610,재미있는
9611,유명한
9612,유명한만큼
9613,톡톡히
9616,좋을꺼
9618,멋있는
9620,재미있고
9621,신났던
9623,좋을꺼
9627,뜨거운
9630,화려함이
9631,즐거웠습니다
9632,신난
9633,아쉬운
9634,기대하고가면
9635,실망하겠지만
9637,스럽고
9639,멋지네요
9640,즐거웠어요
9641,괜찮았던
9642,멋진
9643,재미있게
9644,재미있었고
9645,만족합니다
9647,멋있고
9648,예쁘고
9650,즐거운
9651,상당히
9652,재미있게
9653,비싸다고
9657,변함
9661,사랑스럽구
9662,재미있게
9663,아니었지만
9664,재미있게
9668,지루하거나
9669,그런건
9670,아닌데
9671,좋아하시는
9674,같지만
9676,같기도
9677,있던데
9680,대단하십니다
9682,멋진데다
9685,화끈한
9687,즐거운
9688,멋지십니다
9689,엄청난
9690,있으며
9692,재미있는데다가
9694,많았는데
9695,재미있고
9696,멋있었습니다
9697,재미있어요
9698,멋있게
9699,멋지네요
9700,멋졌어요
9701,좋아하는
9702,좋은데
9703,안되더라구요
9707,시원한
9708,만족해
9710,빠르고
9711,어려운
9717,안되니
9719,노련함과
9720,멋진
9722,좋아하시네요
9724,부탁드려요
9725,멋졌어요
9726,멋진
9727,지루한
9729,재미있어요
9730,같은데요
9731,다르네요
9732,대단해서
9733,예쁘
9734,있었거든요
9739,부족한
9740,화려하고
9741,있긴
9742,충분하니
9743,필요없던
9746,아닌데
9747,없었지요
9748,없게
9749,왠만해서
9750,힘든데
9751,짠해서
9752,재미있다네요
9755,좋게
9757,멋있어요
9759,있었으며
9761,화려한
9762,없어도
9763,충분히
9764,멋지다는
9765,재밌습니다
9766,마를
9767,없는듯
9768,좋아합니다
9769,어색했지만
9770,재미있었어요
9772,신나게
9774,없었다가
9775,반짝반짝하고
9776,재미있게
9777,멋지구요
9778,멋지네요
9780,멋져요
9781,멋있으세요
9782,유명하신
9783,젊은
9784,멋있는
9786,스러웠습니다
9788,작아서
9789,힘들고
9790,힘들더라구요
9791,친절하신지
9794,완전히
9797,당했습니다
9798,재밌고
9799,많았던
9801,귀여워요
9802,멋있어요
9804,화려함
9805,멋지다
9807,작더라구요
9808,멋진
9809,설렘
9810,비싸다고
9812,섹시함과
9813,멋져요
9814,완벽한
9815,재밌어요
9816,멀진
9818,놀라운
9819,비싼
9821,아쉽고
9822,넓게
9823,섬세하게
9824,아쉽고
9828,행복하고
9829,저렴하게
9830,멋진
9831,멋지고
9832,예뻤지만
9833,반해서
9835,넘치는
9836,섹시함
9837,멋집니다
9838,재미있게
9839,좋아하는
9840,괜찮았다
9841,유명한
9847,저렴하게
9848,좋았으나
9850,귀여웠고
9851,멋있었지만
9853,지루한
9854,없잖아있었고
9856,있었으며
9857,신난
9859,멋있으
9860,부럽습니다
9861,딱인것처럼
9862,노련함과
9863,발랄함으로
9865,아쉬웠다
9866,즐겁고
9869,멋진
9870,예쁜
9871,지루한
9873,생생한
9878,화려한
9879,아니더라도
9880,매끄러웠으며
9882,멋졌습니다
9885,힘든
9891,재미있고
9892,특이한
9893,특이했다
9894,재밌다
9895,재밌다
9896,재밌다를
9897,신나면서
9898,즐거우면서
9899,어려운
9900,즐겁고
9901,시원한
9902,기뻤다
9903,그렇고
9904,재밌었고
9910,고픈
9911,짜증나는가
9912,섹시하고
9913,화끈한
9915,화려한
9917,멋있었구요
9923,즐겁고
9924,유익하게
9927,생소했다
9928,새로운
9929,기뻤다
9931,실망했지만
9932,즐겁게
9935,강하고
9936,훌륭한
9938,화려하고
9939,훌륭하고
9943,신기했는데
9945,섹시한
9946,섹시한
9948,같으면서도
9951,더운
9953,재미있게
9954,재밌었구
9955,없었기에
9956,기대했던
9958,있다는게
9959,있었기에
9960,있었죠
9961,덥고
9963,자자한
9965,들뜬
9966,넘치는
9967,몰두하게
9968,멋진
9970,멋지지
9972,충분히
9973,즐겁게
9975,대단했어요
9976,없구요
9980,자자한
9981,노련한
9982,반하고
9983,간드러지는
9984,넘치는
9986,재밌었던
9988,미흡했던
9990,유명한
9992,재밌었습니다
9994,좋았던
9996,필요없으시고
9998,빠르다
9999,정확한
10000,조마조마하면서
10002,귀여운
10003,멋졌어요
10004,좋았는데
10005,멋있었어요
10006,멋있었습니다
10007,좋아하는
10011,필요없습니다
10012,섹시하면서도
10016,멋지게
10017,시원한
10018,신나는
10024,깊었습니다
10026,아쉬웠는데
10027,저렴한
10028,야하지
10029,섹시하고
10030,재밌어요
10031,멋있었어요
10032,어색하신
10033,놀랬어요
10035,안되더라구요
10036,만족스러웠어요
10039,좋았을듯
10040,멋있다
10041,재미있어
10042,필요한가
10043,재미있어
10044,역은
10045,불가능한
10046,가능한
10047,완벽한
10049,필요없구요
10050,따뜻하고
10051,자상한
10052,좋았는데
10054,적당히
10055,시원하고
10057,섹시하고
10058,불가능한
10059,어색하지
10061,멋있었고
10062,멋졌어요
10063,스러워서
10064,뻔했습니다
10065,기대하고
10067,귀엽고
10068,행복했어요
10069,즐거운
10070,멋진
10071,좋았구요
10073,안되서
10075,기대했던
10076,재밌고
10077,신나는
10078,안되서
10080,기대했던
10081,재밌고
10082,신나는
10083,강력하게
10084,멋있습니다
10085,짜릿한
10087,새로
10089,좋았구요
10090,재미있게
10092,화려하고
10093,화려했던
10094,신나고
10099,섹시하고
10100,유쾌한
10101,좋음
10103,아쉬운것은
10104,안되었다는
10105,좋아하시더라고요
10107,힘들거
10109,가까운
10113,같더라고요
10114,뛰어나시고
10115,좋으셔서
10116,즐거운
10118,아쉬운
10119,재밌었어요
10120,재밌음
10121,같네여
10122,지루했음
10124,또렷하지
10125,명확히
10126,다르지만
10127,좋으면
10129,따분하지
10130,즐거웠습니다
10131,좋아해서
10133,신나는
10134,애매하여
10136,있다가
10137,신나는
10139,좋아했는데
10142,유쾌하고
10143,재미있었습니다
10144,재미있겠다고
10145,재미있었어요
10147,좋아하는데는
10148,그만한
10150,그런지는
10151,안타까울
10152,괜찮아지리라
10155,없다는
10156,야한다
10158,넘치네요
10159,즐거우셨다고
10160,쎄였어요
10162,재밌는
10164,자연스럽고
10166,힘들었어요
10167,즐거웠네요
10169,좋았는데
10170,먼가
10171,부족한
10172,즐거운
10173,안되는
10174,멋진
10175,실망하지
10178,재미있어요
10179,즐겁게
10180,편하고
10184,굵직하고
10185,중요한
10186,영원한
10187,멋진
10188,즐겁게
10189,빠르게
10192,아쉽네요
10193,만족스러웠습니다
10194,화려한
10195,섹시한
10196,화려한
10198,약한
10199,덜한
10200,섹시함을
10201,기대해서
10203,아쉬운
10204,탄탄한
10208,깔끔한
10209,아쉬운
10211,화려하지는
10212,재미있았습니다
10216,화려한
10217,기대했는데
10219,없었지만
10220,멋지게
10222,멋졌어요
10223,뿐이
10225,노련함은
10226,멋지다라는
10227,뿐이
10228,깊은
10229,아니기
10232,사소한
10233,재밌고
10234,이쁘구
10237,작은게
10238,아쉬웠지만
10239,필요할거
10241,아니었구
10242,좋아용
10243,기대했던대로
10244,더라구요
10245,아팠는데
10246,신나고
10247,화려했어요
10248,아쉬웠지만
10249,기대하며
10250,훌륭해서
10254,즐거워하셔서
10255,멋진
10257,깊은
10259,친한
10261,부족해서
10262,아쉬운
10263,생생히
10265,아쉬운
10268,설레인다
10269,시원하고
10271,시원한
10272,좋을것
10273,같고요
10276,유명한
10277,좋기만
10279,지루하더라구요
10280,기대하지
10282,자연스런
10285,멋진
10287,가볍기만
10288,짜증날
10289,설렘으로
10290,가득한
10292,불편하지는
10294,불편함을
10295,뜨거워졌고
10296,귀여운
10297,예뻐요
10298,엄청나신
10301,즐겁게
10302,따분한
10303,좋게
10307,추할
10309,좋았구요
10310,섹시한
10312,좋았던
10315,이쁘고
10317,훌륭한
10318,탄탄하고
10319,능글맞은
10320,아쉬웠던
10321,잘생기고
10322,늘씬했던
10323,대단했던
10327,기쁘게
10329,신나는
10330,좋다
10331,유명하고
10333,있었어
10334,작았다
10335,심할
10337,좁아
10338,없었던거
10340,같은게
10341,충분히
10342,섹시한
10343,안되서
10344,아쉬웠다
10346,아쉬웠다
10348,좋았음
10349,야하게
10351,아쉬웠당
10353,그렇고
10354,아쉬웠음
10355,부드럽고
10356,힘차면서
10357,유연하게
10358,같았다
10359,야할려면
10360,야했으면
10361,어땠을까
10362,많았는데
10363,아쉬웠다
10364,강하게
10365,어중간하지
10366,멋있었을거
10367,같다는
10368,심하게
10369,특별한
10371,귀여웠
10372,같았는데
10373,예쁜거
10378,예뻐서
10379,많긴
10380,이상한
10381,지루하더라
10382,아쉽
10383,충분히
10384,즐거웠지만
10385,아쉬웠음
10388,즐거웠다
10389,있었고
10391,훌륭한
10396,안되게
10398,추하는
10399,즐거웠고
10400,흔한
10402,없었네요
10403,화하려는
10404,좋았구요
10405,만족할
10408,좋으시고
10409,훌륭했습니다
10410,멋있었고
10411,섹시했고
10412,예뻤던
10413,탄탄하고
10415,멋있었네요
10416,완벽하고요
10417,재미있는
10419,더운
10420,섹시한
10421,화려한
10423,순수함을
10424,단단히
10426,좋아하던
10428,재밌었어요
10429,많있어요
10430,신나는
10431,멋진
10432,훌륭했지만
10433,재밌고
10434,탁월하고
10436,아쉽네요
10437,즐겁게
10438,신나고
10439,화끈한
10440,화려함이나
10441,이런건
10445,안되던데요
10446,지루하다는
10447,빠르더라구요
10448,좋지만
10449,안되고
10450,능숙하게
10451,멋지게
10452,기대했는데
10456,지루할
10458,많지
10459,재밌었어요
10460,흥겨웠고
10462,벅찬
10464,재밌어요
10465,아쉽게
10466,신나고
10467,재미있었어요
10468,멋있구
10469,깊었어요
10470,유쾌하고
10472,좋았고요
10473,훌륭하신
10474,뚱뚱해
10475,작아
10477,좋을듯
10480,대단한것
10481,같고요
10482,지루한
10484,재밌는
10485,많았더라면
10486,좋았을
10488,있질
10489,귀여우셨어요
10490,화려함과
10491,즐겁게
10492,훌륭하네요
10495,안되는
10497,좋았구요
10498,멋있었어요
10500,훌륭해서
10501,기쁜
10502,아쉬웠지만
10503,추할만큼
10504,재밌었네요
10505,화려한
10510,신나게
10512,섹시하고
10513,유머러스하기도
10514,쓸쓸한
10515,다양한
10516,지루할
10518,섹시하고
10520,좋을
10521,탄탄한
10523,섹시한
10525,궁금하지
10526,좋을
10527,친절하십니다
10528,화려하고
10532,멋지던지
10534,멋졌네요
10536,재밌습니다
10537,짱짱한
10538,즐거운
10540,흥겨웠습니다
10542,재미있어
10543,완전한
10544,신나는
10546,멋진
10547,멋진
10551,좋다
10554,넘치게
10555,한산한
10559,좋게
10560,재미있게
10561,좋아하는
10562,괜찮은
10565,있거든요
10566,아플
10567,멀지
10568,나쁘지
10570,작구요
10571,비슷한데
10572,같지
10573,변하는
10574,아니라서
10575,있는게
10577,간단해요
10578,부패한
10579,궁금해
10580,유명하고
10582,상당해요
10583,멋져
10584,무거울
10586,가볍게
10587,재미있게
10590,있지요
10591,대단한
10593,친근했어요
10594,멋진
10596,멋진
10597,고마워요
10598,빨간
10599,멋있으셨어요
10600,익숙한
10601,있나요
10604,아프고
10605,쓸쓸한
10607,아닌지
10608,소중하게
10611,그리운
10613,부족한
10614,외롭기
10617,더럽거나
10618,불쾌하기
10619,충분히
10620,깊은
10621,좋아하는
10622,아닌데
10623,있었어서
10624,없었거든요
10625,멋있었어서
10626,대단하군요
10627,짧았습니다
10628,마르더라구요
10629,멋진
10631,안타깝게도
10632,익숙하고
10634,설레이며
10635,가득했다
10636,유머러스한
10637,깊었다
10638,독특하게
10640,섹시한
10643,유머러스한
10644,야해
10645,괜찮다
10649,대단하단
10651,어떨까
10652,멋있었던
10654,탄탄한
10656,아니라는
10658,망하기엔
10659,좋지만
10660,있는건
10662,아쉬웠었지만
10664,없긴
10665,없구요
10666,익숙한
10668,아쉽습니다
10669,정확한
10671,즐거운
10676,신기하고
10677,자세히
10680,아름다운
10681,깊었다
10682,적절하게
10684,신선한
10685,깊었다
10688,있었다는
10691,없었는데
10692,섹시한
10693,담백함과
10694,아름다운
10696,정확하지
10698,스러웠다
10700,있었을
10705,많았지만
10706,행복했었을까
10708,행복하게
10709,진지한
10713,확고한
10714,부러웠다
10715,멋진
10716,멋진
10719,멋진
10724,필요했다
10725,즐거워
10728,즐거웠다
10730,행복한
10734,행복한
10735,유명하다는건
10736,유명한
10737,화려한
10738,섹시한
10739,신기하게
10745,강하게
10746,비싼
10747,스러
10750,야한
10751,좋구요
10752,뜨겁게
10753,있는것도
10754,좋더라구요
10755,고픈
10756,멋진
10758,화려한
10759,대단했다
10760,뛰어난지
10762,즐거운
10763,아프지
10764,유쾌하고
10765,멋있었어요
10766,섹시하고
10767,즐거운
10768,민망한
10775,재미있고
10776,유쾌하고
10777,즐거웠습니다
10778,멋진
10780,좋았구요
10783,있었네요
10784,좋아하는
10786,없다가
10787,멋지고
10788,깊은
10789,알찬
10790,있었음
10791,좋겠습니다
10793,성장하여
10794,멋진
10795,기대합니다
10796,화려한
10799,멋있고
10800,예쁘고
10801,후련해지도록
10802,섹시하고
10803,흥겨운
10804,아쉽지만
10806,급하게
10808,좋앗습니다
10809,재밌었어요
10810,화려한
10811,멀기에
10813,아니었을까
10815,재미있네요
10816,더군요
10818,뛰어나시지만
10819,계시다는데
10821,계실지
10825,화려하고
10827,재미있었습니다
10829,놀라웠다
10830,부족해
10831,안되었다
10832,좋아하는
10833,원하는
10834,기대한안
10835,즐거워
10836,멋있었습니다
10837,훌륭한
10839,좋아하는
10840,생생히
10843,필요없어요
10844,못지않게
10845,훌륭하고
10846,멋있었어요
10847,현란하게
10848,흥겹더라구요
10849,화려하지
10850,없죠
10852,출중하고
10853,재미있다는
10854,재미있을
10856,추할
10859,재미있게
10860,아팠지만
10861,생생한
10863,애매하고
10865,귀여운
10867,좋았어여
10868,좋았
10869,좋았어
10871,재미있는
10872,즐거운
10873,재미있게
10882,아쉬웠어요
10883,많더군요
10884,나쁠
10885,안될것
10888,좋았구요
10889,어두워서
10892,아쉬웠어요
10893,그런게
10897,좁고
10898,아니라서
10899,실망했는데
10900,재미있게
10903,훌륭한
10905,실망한
10908,만족했던
10911,필요없었다는
10914,멋있어요
10915,노련함은
10916,없는것
10920,아쉬울
10921,재미있게
10923,좋겠습니다
10924,재미있고
10925,섹시하고
10926,화려했습니다
10927,아쉬운건
10928,화려한
10929,또렷하게
10930,자리는
10931,아쉬웠답니다
10932,충분했습니다
10934,아쉬운
10936,상당히
10937,멋진
10939,아니었네요
10940,기대해
10941,많으셨습니다
10942,재밌네요
10946,재미있었습니다
10947,민망한
10948,없다고
10949,즐거운
10950,넘치는
10951,신나서
10952,신나서
10954,새로웠어요
10956,아쉬울
10957,가까워
10960,자리였다
10961,가까워서
10962,아팠다
10963,비싼게
10964,아니구나
10967,이쁘세요
10968,좋으시고
10969,미있는
10970,민망하면
10974,답답함을
10976,많다
10977,재밌었어요
10978,재미있다고
10980,재미있게
10982,작다고
10983,화려하지도
10984,작다는
10986,좁고
10987,어려웠었구요
10988,부실했어용
10995,재미있는
10996,즐거운
10997,즐거운
11000,유쾌하고
11001,재밌었어요
11002,상당히
11003,어둡고
11004,신나는
11005,완벽한
11007,아쉽게도
11008,있겠네요
11009,재밌네요
11010,귀엽게
11011,멋지시네요
11014,좋아하
11015,가볍고
11016,신나는
11017,화려하지
11019,리드미컬했는데
11020,안되어서
11021,아쉬웠어요
11022,오래되어서
11026,아쉬웠습니다
11027,많더라구요
11028,얼얼한
11030,나쁘진
11031,굉장한
11032,아니었습니다
11033,없었으면
11034,아까웠을것
11037,아쉬웠어요
11038,단조로웠지만
11039,재밌었습니다
11040,멋있었어요
11041,좋아했는데
11042,좋아하긴
11044,저렴한
11045,있었죠
11047,가까운
11050,있으니까
11051,있단
11052,행복할
11053,없었지요
11054,완벽할
11055,아름다운
11056,같았답니다
11057,눈부신
11058,다양하고
11059,흠잡을
11060,유명하긴
11062,같았던
11063,이상하게도
11065,맛깔나게
11066,스러우면서도
11067,우스꽝스러운듯
11068,아쉽다면
11069,아쉬웠어요
11070,신나고
11071,많네요
11072,유명해서
11073,기대하고
11074,딱히
11075,재미있지도
11076,멋지거나
11078,아까웠네요
11079,아쉽게
11080,귀여운
11081,멋진
11082,멋졌습니다
11083,유쾌하게
11084,멋진
11085,같음
11086,멋진
11087,재미있었습니다
11088,아름답더군요
11090,후회되네요
11091,멋있고
11092,멋져요
11094,괜찮겠더라구요
11095,만족스러웠습니다
11096,끝내주더라구요
11097,괜찮은
11099,괜찮았어요
11103,잘맞는
11105,재미있고
11108,재미있게
11109,엄청난
11111,즐거웠습니다
11112,필요할까
11113,만족하게
11115,넘치는
11116,위대한
11118,가볍게
11119,있기
11121,심심하단
11123,화려한
11124,없다시피
11125,지루할
11126,강렬한
11127,강한
11128,화려한
11129,가볍게
11130,편안히
11133,어려웠습니다
11134,헷갈리는
11135,있었구요
11137,괜찮아요
11138,맛있었어요
11140,많았음
11141,빡쳐서
11142,대단하십니다
11143,멋지세요
11144,화려한
11145,현란한
11146,재미있게
11147,아쉽더군요
11150,멋진
11152,화려한
11153,멀기에
11155,아니었을까
11157,재미있네요
11158,더군요
11160,뛰어나시지만
11161,계시다는데
11163,계실지
11165,멋졌어요
11166,좋았구요
11167,예쁜
11169,좋았구요
11172,넘치더라구요
11174,즐거운
11176,노련함과
11180,재미있었습니다
11181,넘치는
11182,반했습니다
11183,섹시하고
11184,화려하고
11185,아름답던지
11187,재밌어서
11193,재밌고
11194,엄청나네요
11195,있더군요
11196,즐겁게
11197,훌륭했어요
11199,좋겠네요
11200,자세히
11201,가까워서
11202,힘들었던
11204,스러
11205,완벽한
11207,좋겠네요
11208,부었네요
11210,아쉽네요
11213,익살스러운
11214,재밌었어요
11216,즐거웠습니다
11217,생생하여
11218,좋았던것
11221,유명하고
11223,새로웠습니다
11224,흠잡을
11226,멋있었고요
11227,야한
11228,즐비했지만
11229,귀여우면서도
11230,안쓰러웠네요
11231,작긴
11233,멋졌고
11234,멋지다는
11235,설레이는
11236,놀라웠다
11238,대단한
11240,좋아하네요
11241,즐겁게
11242,흥겨운
11244,즐겁게
11250,신나는
11251,재미있었는데
11252,아쉬웠어요
11257,아쉬울
11259,지루하지
11260,재밌는
11262,대단했습니다
11263,화려하고
11264,재밌었습니다
11269,멋있고
11270,재밌었어요
11271,아니나
11272,부족한
11275,없는게
11278,아니였어도
11279,기대할께용
11280,즐겁게
11281,재미있게
11282,재미있었습니다
11283,약하다는
11285,재미있는
11286,재밌었어요
11287,지루할
11289,재밌었습니다
11291,어렵지
11293,재밌습니다
11294,만족하시고
11296,그렇
11297,많았습니다
11298,많았는데
11299,약한데다
11300,불편한
11301,미적지근했고
11302,신기할
11304,심한
11305,어색하다
11306,재밌네요
11307,새로운
11308,멋진
11309,완벽했습니다
11310,안쓰럽
11311,슬프
11312,무겁
11313,즐거웠던
11314,유명한
11315,흥미로운
11317,기대했던만큼
11319,없었어서
11320,아쉬웠지만
11325,재밌고
11326,즐거운
11327,유명한
11329,재밌었구요
11332,화려한
11333,친한
11334,비슷해서
11336,훌륭한
11337,멋진
11340,아쉬운게
11343,멋있네요
11348,신나고
11349,즐거운
11350,재밌는
11352,기대했던대로
11353,멋진
11354,힘들었었는데
11355,멋진
11356,멋진
11360,재미있어요
11364,자리는
11365,옅보다
11370,어색하면
11371,안좋으셨는지
11372,즐거운
11373,즐거운
11374,싫어요
11376,대단하셨고
11379,좋을
11381,즐거운
11382,화려하고
11383,섹시하기
11388,황홀한
11393,멋진
11394,아쉬웠지만
11396,신나는걸
11397,좋아하는
11399,탄탄한
11400,재미있고
11401,즐건
11402,멋지고
11403,섹시함도
11404,예쁘고
11405,멋있고
11406,재밌어요
11407,맛깔나는
11408,재밌었습니다
11409,재미있게
11410,있다는게
11412,화려한
11413,즐거운
11416,변함
11419,이렇게나
11421,꾸준히
11425,멋진
11426,아름답고
11427,멋진
11430,멋있는
11432,아름다운
11433,있어도
11435,멋진
11436,화려한
11438,좋더라구요
11440,동일하면서도
11441,맛깔나게
11443,좋아하셨어요
11445,멋졌어요
11446,성숙해진
11448,신나게
11450,지루하지
11451,있었네요
11452,신났던
11454,노련한
11458,노련한
11460,좋았던
11462,있었고
11466,아프게
11468,멋지고
11469,들떠있었다
11470,재미있고
11471,많았구
11473,훌륭하고
11474,즐겁게
11475,스러
11476,신나는
11478,멋져요
11479,아쉽
11480,재미있게
11481,안되어서
11482,기대한만큼
11483,재밌었어요
11485,가까운
11486,괜찮았고
11490,아쉬웠던
11491,인한
11492,아쉬웠네요
11494,새로운
11496,멋졌어요
11497,완벽해서
11498,고맙고
11499,행복했습니다
11500,화려하고
11501,섹시해서
11503,재미있게
11504,화려한
11505,좋다
11507,멋있어
11508,아담한데
11509,좋다
11510,가깝
11511,훌륭합니다
11513,좋앗어요
11514,멋지고
11515,즐거웠습니다
11516,지루했는데
11518,있었더라구요
11522,없다고
11523,없으시다고
11526,재미있었어요
11528,즐거운
11529,넘치는
11530,넘치는
11531,가까운
11532,아니어서
11533,깊었던
11535,다르다
11537,같은게
11540,정확한
11543,명확하지
11544,아쉬웠네요
11545,괜찮았습니다
11547,지루한
11550,유명한
11551,설레는
11552,화려한
11554,흥겨운
11555,깊었습니다
11561,즐거운
11562,재미있어요
11563,탄탄해서
11564,재밌었어요
11566,대단하네요
11567,기대해서
11569,재미있지는
11570,즐거운
11572,좋았을거
11573,같다고
11575,그런거
11577,재미있게
11578,넘치는
11579,만족스러웠습니다
11581,허무한
11582,멋진
11583,초라해
11585,화려한
11586,철저히
11589,가깝게
11592,없었으며
11594,필요없게
11595,멋있으셔요
11598,이뻐
11599,즐거웠습니다
11600,즐거웠습니다
11601,즐거웠습니다
11602,즐거웠습니다
11603,즐거웠습니다
11605,재미있었어요
11606,즐거운
11609,훌륭한
11610,고맙습니다
11611,멋졌어요
11612,즐겁게
11613,재밌고
11615,예쁘고
11616,곱니다
11618,재밌습니다
11619,멋졌습니다
11620,신나는
11621,멋지고
11623,유쾌했던
11624,즐거웠던
11625,빵터졌네요
11626,좋기로
11627,유명한
11628,즐겁게
11629,유명한
11631,저렴하게
11637,씁쓸한
11638,화려한
11639,좋았던
11640,능숙한
11644,좋지만
11645,좋게
11649,행복한
11650,재밌고
11653,즐거운
11654,좋았구요
11659,재밌어
11660,화려한
11661,재미있습니다
11662,멋진
11663,훌륭한
11664,재밌습니다
11666,아쉬었지만
11667,즐겁게
11668,가까운데로
11669,재미있네요
11670,안좋으신
11671,같던데
11672,높아요
11674,강하게
11675,지루할
11678,작았고
11679,어색하게
11680,재미있었습니다
11683,귀엽고
11684,예쁘고
11685,멋졌다
11686,재밌고
11687,멋진
11690,아까웠습니다
11691,신나는
11693,신나게
11694,멋진
11695,좋았다고
11697,자세히
11698,가까워서
11699,힘들었던
11701,스러
11702,완벽한
11704,좋겠네요
11705,부었네요
11708,자연스러워져서
11709,완벽한
11710,다양한
11711,완벽한
11713,섹시한
11714,필요한
11717,재밌었다고
11718,신나는
11720,아쉬웠다
11721,즐겁게
11722,기뻐하셔서
11723,좋았답니다
11724,아쉬웠지만
11725,대단했고
11726,멋있었어요
11727,신나는
11728,재미있게
11730,재미있고
11731,알찰것
11733,바빠서
11735,재미있게
11736,추웠어요
11739,가능한
11740,재미있다죠
11741,새롭다고
11742,재밌어요
11744,지루할
11745,뻔하다가
11749,아쉽
11751,찰지더라고요
11752,고마워
11753,빵터짐
11754,괜찮은
11756,좋았구요
11757,노련함과
11758,활기차고
11759,재미있었어요
11761,멀어서
11765,궁금했었다
11766,어둡고
11767,침울했지만
11768,탄탄한
11769,즐겁고
11770,편안하게
11771,화해서
11772,재미있게
11773,훌륭한
11774,훌륭했다
11775,재미있는
11776,즐거운
11777,재밌어요
11778,재미있어요
11779,즐겁고
11780,재미있는
11781,재미있다요
11782,재미있어요
11784,깔끔한
11785,좋아했습니다
11786,급하게
11787,아쉬웠는데
11789,시원시원하신데다가
11790,재밌네요
11791,슬펐지만
11792,좋앗어용
11793,탄탄한
11795,넘치는
11796,변하지
11797,스러웠습니다
11798,유명한
11799,기대하면서
11802,아쉬웠지만
11803,어색했어요
11804,출중한
11805,실망하지
11806,유명한
11807,섹시한데
11808,유쾌하고
11809,재미있게
11811,사랑스러웠어요
11812,끝내줌
11816,좋지만
11817,익살스러운
11818,재미있는
11819,화려함을
11820,화려함
11824,좋았겠지만
11825,적당한
11827,훌륭하십니다
11829,필요없는
11830,유쾌함이구요
11832,뛰어난
11835,특별한
11836,즐거운
11837,고맙습니다
11843,있었고
11845,있긴
11850,좋다고
11853,좋다
11855,완벽할
11856,화려하고
11857,같았다
11858,멋졌어요
11860,멋졌습니다
11862,아쉽긴
11863,없었기에
11864,기대했던
11865,화려한
11866,없었지만
11867,익숙한
11868,즐거운
11870,깊네요
11872,노련함이
11873,화려함이
11874,가까워서
11876,유명한
11877,재미있는
11878,재밌어서
11879,있었지요
11880,반하고
11881,반하고
11882,화끈한
11883,피곤했는데
11885,넘치는
11886,뜨거웠네요
11887,깊은
11888,유쾌하고
11889,재밌었어요
11890,오밀조밀한건
11891,아쉽
11894,재밌고
11896,지루하진
11897,어느덧
11898,역시란
11899,신선함
11901,안일하게
11902,좋겠습니다
11904,아깝다
11905,성하고
11906,신나고
11907,즐겁고
11909,많은지
11910,완벽한
11911,힘들어
11912,노래마
11913,대단했네요
11914,넘치는
11915,재미있게
11919,아쉬웠습니다
11920,멋짐
11921,멋지십니다
11923,재미있게
11924,멋지긴
11925,충실하게
11927,대단하십니다
11928,멋진
11929,멋졌습니다
11932,똑같을
11934,재미있었습니다
11935,즐거운
11937,기대하난
11938,멋있고
11939,넘쳐서
11941,신기하고
11942,재미있었네요
11943,멋있고
11944,재미있게
11947,아쉬웠답니다
11948,어려운
11950,지루할
11954,아쉬울
11955,재밌는
11956,빈약하여
11957,아쉬웠습니다
11958,많았지만
11959,빈약하네요
11960,아쉬웠습니다
11961,화려한
11964,없었으나
11965,화려한
11967,스러웠다
11968,충분히
11969,아쉽다
11970,풍부했지만
11971,아쉽네요
11972,충분히
11973,아쉬운
11975,기대한것보다
11976,재미있었습니다
11977,멋지십니다
11978,반했습니다
11980,필요없는
11981,미치는
11983,밋밋한
11984,즐거운
11985,안졸았다냥
11986,훌륭합니다
11987,아쉬웠습니다
11989,아쉽지만
11990,멋있었습니다
11991,흥겨운
11992,좋았을
11993,재미있었다
11994,예쁘고
11996,좋았구요
11997,사랑스러웠던것
12000,적당히
12003,재밌다
12004,신나고
12006,신나고
12007,유쾌하고
12008,즐겁게
12011,역시란
12014,즐겁게
12015,끝내주네요
12016,반했습니다
12017,지루할
12019,멋졌구요
12020,재밌는
12022,재밌습니다
12023,지루하지가
12024,무거울수도
12026,재미있게
12027,새로운
12028,좋아하게
12029,어둡고
12030,칙칙하고
12031,좋을듯
12033,뛰어나다
12034,그렇구
12035,딱이다
12036,휼륭했습니다
12037,가까워서
12039,즐거운
12042,멋졌습니다
12043,있기에
12044,기대하고
12045,멋있었어요
12047,재밌었어요
12048,섹시하고
12049,섹시한가
12050,없었죠
12053,지루하지
12055,한결같아서
12056,지루하셨다고
12058,만족스러웠어요
12059,완전히
12060,달랐지만
12061,비슷했던
12065,바빴지만
12068,유쾌하고
12069,즐거운
12072,강했어요
12073,이쁘고
12074,섹시하시던지요
12075,아니더라구요
12079,즐거운
12081,재미있었습니다
12082,재미있어요
12083,그런건
12090,기뻤습니다
12092,즐겁게
12093,신난
12094,괜찮고
12095,재밌었어요
12096,아니었어서
12099,좋아하는
12100,아낌없어
12101,없던것
12103,너무해서
12104,아쉬웠다고
12105,그렇고
12110,화려하고
12111,재미있습니다
12112,유명해서
12113,재밌었다고
12114,추하는
12116,화려하고
12117,신난
12118,멋진
12119,만족스럽네요
12121,지루할
12122,재밌었습니다
12123,멋지더니
12124,재미있게
12125,즐거웠습니다
12126,단단해졌고
12127,동일해서
12129,재미있었던
12131,좋았던
12132,유쾌하고
12133,재미있게
12135,화려한
12137,화려한
12141,좋았던
12142,유쾌하고
12143,재미있게
12145,화려한
12147,화려한
12150,재미있었는데
12151,안좋아서
12152,멋지고
12153,있는것
12158,강렬한
12159,쎄진거
12160,같은건
12162,화려함의
12163,귀엽다
12164,멋있어요
12165,멋지시고
12166,시려운
12168,멀어서
12169,아쉬웠네요
12170,재밌어요
12171,재밌어요
12172,다양했으면
12173,재밌었어요
12176,저렴한
12177,멀더군요
12179,화려한
12180,황홀한
12181,탄탄한
12190,안될까
12191,안되는게
12192,싫어서
12193,즐거운
12194,유명한
12196,솔직한
12198,즐겁습니다
12202,많았습니다
12203,지루했던
12204,탄탄하고
12205,좋아하시는
12206,좋아할만
12208,아쉬웠어요
12211,화려하진
12212,엄청나게
12214,그런것
12216,같다는
12217,멋있으셨어요
12218,멋있었답니다
12219,아쉬운
12221,좋을것
12223,멋있으세요
12224,멋있는
12225,아름다운
12226,멋진
12227,좋은지
12228,자세히
12230,좋았음
12235,화려하고
12236,있는것도
12237,멋졌습니다
12239,기대한
12241,딱이라는
12242,재밌었습니다
12243,엄청나게
12244,단련한
12245,멋있었습니다
12248,화려한
12250,아쉬웠던
12252,아쉬웠습니다
12255,안타까웠습니다
12256,재밌고
12257,멋진
12259,대단하십니다
12260,멋진
12261,부족한
12263,가까웠습니다
12264,지루하거나
12265,진정한
12270,아쉽게도
12271,즐거운
12272,재밌고
12273,즐겁다
12274,만족한
12279,섹시한
12280,훌륭한
12282,아쉬웠어요
12283,재밌고
12284,유쾌했습니다
12285,재미있게
12287,재미있었습니다
12288,멋진
12290,기대한만큼
12291,이쁘고
12292,멋졌어요
12293,재밌는
12295,특별한
12296,없으며
12298,비싼
12302,비싸지
12304,멀지
12306,좋겠구나
12307,없을까봐
12308,화려해서
12309,당했구요
12311,재밌었어요
12312,좋았구요
12314,유명해서
12315,멋있었구요
12316,좋구
12318,아쉬운
12319,안되
12321,화려한
12323,좋아하는데
12324,풍부한
12326,즐겁게
12328,착하고
12329,재밌었어요
12331,즐거웠습니다
12332,화끈하고
12333,유쾌한
12334,있군요
12336,아쉬운건
12338,부족한
12339,많단
12340,씁쓸했다
12341,예민한
12343,없는건
12344,아쉬웠지만
12345,멋진
12346,멋지게
12348,지루한
12349,화려한
12350,깊었던거
12352,심오하지
12356,저렴하게
12357,재밌다고
12358,재밌었어여
12359,가까워서
12360,좋았어여
12361,유명하
12362,재밌었던거
12364,재밌어
12365,뿌듯했답니다
12367,좋았지만
12368,없는게
12369,아쉽다
12370,어색하고
12372,지루하고
12373,안되서
12374,실망했습니다
12375,지루했다
12376,약했던
12378,아까웠을것
12381,신나고
12382,즐거운
12383,즐겁게
12384,묵직함음
12386,화려한
12388,없을듯
12389,만족한
12390,있으시고
12391,뛰어난
12392,즐겁게
12394,넘치면서
12395,재미있었다니
12396,빠르게
12397,훌륭한
12398,커다란
12402,멋지고
12405,멋진
12408,이뻐요
12410,작더라
12411,섹시하고
12412,완벽했습니다
12414,즐겁고
12415,행복했어용
12416,즐겁습니다
12417,멋있는
12418,특별하지
12419,좁고
12420,부족한
12421,기대했는데
12422,실망했음
12423,저렴한
12424,아니기에
12426,힘들
12427,실망하신
12428,많더라고요
12429,만족스러운
12431,지루할까봐
12432,어떡하지
12435,비싸니깐
12437,없을까
12438,흥겹게
12439,멋진
12440,흐뭇했다
12441,젊어지셨다는
12442,뿌듯해졌다
12444,지루한
12445,없더군요
12446,괜찮을
12448,즐거운
12449,아름답고
12450,재미있네요
12451,재밌다고
12452,좋더군요
12454,생소하고
12455,낯설기만
12456,미친
12457,있자니
12460,현명한
12462,뿌듯해지더라구요
12463,멋지고
12464,행복했어요
12465,좋게
12467,독특한
12468,야하지만
12469,그랬기에
12470,솔직한
12471,가능했고
12473,유명한만큼
12474,노련함이
12475,기대하지
12476,훌륭했다
12477,있구나
12478,시원한
12484,섹시한
12485,짜릿짜릿해서
12486,신나게
12487,멋있어서
12489,생생하게
12490,완벽했고
12491,멋져서
12492,즐거웠습니다
12494,가벼운
12496,여전합니다
12498,귀여워요
12499,귀여워요
12500,훌륭했습니다만
12501,불편하네요
12502,힘들어
12503,멋있네요
12505,계시다면
12507,빠르고
12508,신나게
12509,같더라구요
12510,즐거웠어요
12515,즐겁게
12516,좁은
12518,즐겁고
12520,재밌게잘
12521,재밌아요
12522,재밌고
12524,재밌었습니다
12525,유명한
12526,멋지셨어요
12527,멋졌구요
12529,멋지고
12530,화려하고
12532,재밌습니다
12533,필요없는
12534,맛깔나십니당
12536,찰진
12537,신나게
12539,강렬하다
12540,같지가
12541,재미있었어요
12543,신나고
12544,재밌어요
12545,화려하고
12546,유쾌한
12547,화려하게
12549,멋진
12550,아쉬웠네요
12551,멋있었습니다
12552,변하지
12553,단조로운
12555,충분해요
12556,같지만
12557,그렇고
12561,아찔한
12562,즐거운
12563,노련한
12564,황홀한
12565,스러운
12567,행복했습니다
12568,기대하고
12569,아쉬운
12570,없잖아
12572,없던
12573,작았다
12574,좋았으니
12576,먼가
12577,서운한
12578,남달랐네요
12579,노련하고
12581,넘치는
12582,신선한
12583,기대했던
12584,가벼운듯
12585,미흡했지
12587,섹시하고
12588,좁게
12589,지루하지
12591,행복해
12592,좋았다고
12595,생생하게
12597,시원하던지요
12604,고맙습니다
12605,좋아해서
12606,반하고
12607,멋진
12608,재미있게
12609,깊었고
12610,멋진
12613,노련함은
12615,재밌
12616,섹시함도
12617,멋있었는데
12618,스러웠습니다
12619,화려하진
12620,유명한
12623,많으신
12625,좋겠네요
12628,즐거웠다
12629,넘치게
12631,즐거운
12634,즐겁게
12635,지루할
12639,즐거운
12643,즐거웠다
12644,기대하는
12645,탁월한
12647,강렬하고
12648,섹시하고
12651,짜증나는
12652,갑작스럽게
12653,갑작스럽게
12656,강렬한
12657,화끈한
12658,재미있고
12659,재미있었습니다
12662,새로운
12663,아쉬운
12664,아쉬웠습니다
12666,즐거운
12667,유쾌하고
12668,즐거웠습니다
12669,다양한
12671,지루했지만
12672,화려하구
12673,재미있었어요
12675,아깝지가
12678,재미있었습니다
12680,부탁드려요
12682,재미있고
12683,흠잡을것
12687,잘맞더라구요
12688,귀엽고
12689,사랑스러워
12694,즐거운
12695,안되고
12697,대단해요
12700,재미있었다고
12703,훌륭했습니다
12705,행복한
12708,좋았답니다
12710,완벽한
12711,예뻐요
12713,사랑스러웠습니다
12714,귀여우시고
12715,재미있게
12716,짱짱하고
12717,좋아용
12718,신나는
12719,좋아하는
12720,암울하지
12723,다르군요
12725,행복하고
12726,즐거운
12727,즐겁고
12728,유쾌하게
12729,가벼운
12732,작아서
12734,멀게
12736,특별한
12737,없어도
12738,즐겁고
12739,넘치는
12740,부족한듯
12742,화려한
12744,아쉬운
12747,멋있었습니다
12748,멋있으셨고
12749,없으신
12750,좋았지만
12751,작았고
12753,화려한
12754,아쉽
12755,좋아하지
12756,즐겁게
12758,즐거웠고
12760,그렇구
12761,깊었는데
12762,좋았지만
12764,아쉽습니다
12765,기대하기는
12766,약하다는
12767,넘치는
12769,유명한
12770,필요없지만
12771,딱이였던
12777,간단한
12779,놀라웠습니다
12781,넘쳤습니다
12782,있었기
12784,이상한
12785,같은것이
12786,있었기
12788,괜찮지
12789,막연한
12792,화려하거나
12793,아니었고
12795,신랄한
12796,미친
12797,같기도
12798,좋을
12799,같다는
12800,즐거웠다고
12801,아쉽다
12802,좋을
12803,즐겁고
12804,즐거웠고
12805,행복한
12806,즐거운
12807,즐거웠
12808,재미있고
12809,좋았어용
12810,저렴하게
12811,재미있는
12812,멋있었습니다
12813,화려한
12814,있군요
12815,힘들텐데
12816,유명하시므로
12817,없을것
12819,화려하고
12821,좋으시고여
12822,산뜻하게
12823,재밌을
12824,같다는
12825,유쾌하고
12826,재미있는
12828,없는지를
12829,멋진
12831,즐거운
12833,아쉬운
12835,탄탄한
12838,좁진
12839,스러웠는데
12840,멋있어요
12841,이뻤어요
12844,아쉬웠답니다
12849,탄탄한
12853,유쾌하게
12854,스러웠습니다
12856,아니라고
12857,기대한
12858,부족하더군요
12859,멋있었어요
12860,화려하고
12861,멋져요
12862,지루한지
12863,유명한
12864,상당히
12866,그러던
12867,화려한
12868,있긴
12869,가까운
12872,충분히
12873,흔할
12875,화려한
12877,변함
12879,이상하게
12880,괜찮지
12881,좋았을
12883,색다른
12884,지루할
12886,화려한
12887,중요한
12888,화려한
12889,좋은데
12890,아쉬웠어요
12891,멋진
12892,있을꺼
12894,부담스러웠어요
12896,젊은
12897,많았고
12898,많더라구요
12899,완벽했고
12900,부족해
12901,멋졌고
12902,유명하
12903,스러운
12905,멋있었어요
12906,부러웠습니다
12910,좁다는
12913,대단했습니다
12914,멋졌고요
12915,신나게
12917,신나게
12918,흥겹게
12920,즐거운
12922,재밌음
12923,재밌고
12925,재미있게
12926,오래되서
12927,있었던가
12928,헷갈리
12929,나쁘지는
12930,작네요
12931,탄탄한
12932,넘치는
12933,멋져서
12936,좁은
12937,아쉽습니다
12938,지루하네요
12939,아쉽습니다
12940,재밌는
12943,특별히
12945,재미있었어요
12953,멋졌어요
12954,반하고
12955,대단한
12956,재미있고
12959,좋다
12962,넘치게
12963,한산한
12967,좋게
12968,재미있게
12969,좋아하는
12970,괜찮은
12973,있거든요
12974,아플
12975,멀지
12976,나쁘지
12978,작구요
12979,비슷한데
12980,같지
12981,변하는
12982,아니라서
12983,있는게
12985,간단해요
12986,부패한
12987,궁금해
12988,유명하고
12990,상당해요
12991,멋져
12992,무거울
12994,가볍게
12995,재미있게
12998,있지요
12999,대단한
13001,친근했어요
13002,멋진
13004,멋진
13005,고마워요
13006,빨간
13007,멋있으셨어요
13008,익숙한
13009,있나요
13012,아프고
13013,쓸쓸한
13015,아닌지
13016,소중하게
13019,그리운
13021,부족한
13022,외롭기
13025,더럽거나
13026,불쾌하기
13027,충분히
13028,즐거운
13030,즐겁게
13034,신나고
13035,즐겁게
13036,즐거운
13037,멋있었습니다
13040,재밌는
13042,어려운
13043,멋지게
13046,재미있는
13047,비슷한
13049,씁쓸했지만
13051,즐겁고
13052,재미있었습니다
13053,즐겁고
13054,흥미롭게
13056,좋았네요
13057,없었던게
13058,단조로이
13060,아픈
13062,아쉽지만
13063,재미있었습니다
13064,힘든
13065,완벽히
13066,멋져
13067,새로운
13068,어둡고
13071,섹시하게
13072,스러웠는데
13073,섹시함과
13074,시원한
13075,있었음
13078,좋아해서
13080,재밌는
13081,만족했습니다
13083,멋있으셔서
13084,멋있다고
13085,만족스런
13086,멋졌어요
13087,멋진
13088,친한
13090,깊었어요
13091,재밌다
13092,훌륭한
13093,신나는
13094,없다는게
13095,아쉬웠어요
13096,톡톡히
13097,좋아해
13100,행복하리란
13101,불편함은
13103,멋진
13105,흥겨
13107,흥겨운
13108,멋진
13110,즐거운
13111,즐거운
13112,건강하게
13113,신나는
13114,깜찍하고
13116,즐거운
13117,훌륭했어요
13120,좋아했는데
13124,즐겁게
13125,멋져요
13128,재밌었
13130,아니였음
13131,사랑스런
13134,잘맞고
13135,아쉽긴
13137,있었다면
13138,좋았을것
13140,가깝게
13142,즐거운
13144,스러우셨을까
13145,있는것만으로도
13146,행복합니다
13147,귀여운
13148,섹시한
13149,좋아하셔서
13152,어떻겠구나
13153,없겠더라구요
13154,예쁘고
13155,만족해하셨어요
13157,기쁘네요
13158,탁월한
13159,스러
13160,섹시함에
13161,시원한
13162,기대할께요
13163,안되지만
13164,신선했네요
13165,좋아할지
13166,어떨지
13172,강력히
13177,야한다고
13178,탄탄하고
13179,즐거운
13180,높은듯
13181,없는듯
13182,성장하는
13183,재밌고
13184,유쾌한
13185,다양한
13186,생생한
13187,있는것
13188,같앗다
13189,잔잔한듯
13191,현란한
13193,다양한
13194,생생한
13195,있는것
13196,같앗다
13197,잔잔한듯
13199,현란한
13202,시끄럽거나
13206,즐거운
13211,가볍고
13212,재미있게
13213,지루한
13214,즐겁게
13215,있을거
13218,많지도
13219,화려한
13220,단조로운
13224,멋있음
13225,필요없음
13227,탄탄한
13229,신나게
13234,잘맞는거
13236,만족하고
13237,만족스러운
13239,불안했는데
13241,자리는
13242,아니였지만
13243,충분히
13244,자리였고
13246,자리인줄
13247,힘들게
13249,넓어서
13250,편하고
13251,자리였다고
13252,재미있었던
13253,재미있고
13255,지루해
13257,지루할
13260,비싸긴
13263,야하니
13264,부담스러웠지만
13266,저렴한
13267,같지만
13273,어둡지
13274,유쾌했어요
13276,즐겁
13277,어수선했지만
13278,좋았던
13281,노련한
13284,즐겁게
13285,신나게
13286,재밌다
13288,기대합니다
13290,만족했습니다
13291,민망한
13294,재미있게
13295,재밌었어요
13296,친숙하고
13297,좋았음
13300,놀라운
13301,깊었다
13302,흡족하게
13303,재밌어요
13305,화려하고
13306,많았네요
13309,가까운
13311,기대했었죠
13313,재밌는
13314,화려함이
13315,멋져
13316,멋져
13317,즐거운
13322,좋아했던
13324,훌륭했던
13325,있었고
13327,좋겠다는
13329,즐겁고
13332,화려한
13333,유명한
13334,딱인
13336,신나고
13337,멋지네요
13338,어마어마한
13339,즐거웠습니다
13340,아쉬웠지만
13343,가까워서
13347,즐겁게
13349,넘치시고
13350,이쁘게
13351,재미있게
13352,새롭게
13354,재미있게
13355,즐거운
13356,아니였지만
13357,신선했습니다
13359,멋지시고
13361,자세한건
13362,신나게
13367,아쉬운
13369,가능한
13373,그렇더라구요
13374,괜찮았지만
13375,멋있었어요
13376,재밌고
13377,멋있는
13378,괜찮은
13379,비슷하지만
13380,다르더라구요
13382,재미있는
13384,지루한
13388,아쉽다고
13389,좋아하시는
13390,좋아할거
13392,재미있네요
13394,좋았지만
13395,신나고
13397,재밌었어요
13398,유명한
13399,지루할
13400,없었답니다
13401,다르시더라구요
13405,많아
13406,재미있게
13408,화끈했던
13409,기대한
13410,재미있었어요
13411,훌륭하고요
13412,멋졌어요
13413,있는데다
13414,지루했데요
13418,재미있는
13422,화려한
13423,기대한
13424,지루하고
13426,화려한
13428,지루하다는
13429,멋진
13430,재미있었네요
13431,안좋아서
13433,재미있었습니다
13435,편리하고
13438,궁금하던
13440,만족스러웠습니다
13442,아쉽
13443,좁다고
13444,재밌는
13445,훌륭하다
13446,재미있게
13447,무리해서
13453,같았
13454,흠잡을
13457,재밌고
13458,즐거웠습니다
13459,재미있는
13460,생생하게
13461,지루한
13464,멋있어요
13465,재밌었어요
13468,흠잡을
13469,훌륭했고
13471,흔히
13472,없다는
13473,화려한
13474,신나는
13475,지루할
13476,부패한
13478,재밌다
13479,멋짐
13480,즐거운
13482,즐거웠어요
13483,즐거웠습니다
13486,가깝도
13487,비싼
13489,재밌다
13490,화려한
13492,재미있고
13493,있던데
13495,완벽하더군요
13496,지루한것도
13498,비슷한
13500,재밌었어요
13502,그렇고
13503,가볍게
13504,기대했던
13505,즐겁고
13506,화려한
13507,있다가
13508,싫었고
13509,좁았으며
13510,반하셨을텐데
13511,멋지게
13512,재밌었던거
13514,계시기에
13515,예쁘시고
13517,많으셨을
13520,즐겁게
13521,멋집니다
13523,힘들었습니다
13524,화려한
13525,신선한
13527,아쉬운
13528,지루하지
13530,대단했습니다
13531,멋져요
13532,노련한
13534,아쉬웠던
13535,자자하지만
13536,멋질
13537,힘차게
13539,다르더라구요
13541,좋았으나
13542,없으니
13543,아쉬웠습니다
13544,후회되네요
13546,좁아
13547,멋졌습니다
13548,신나고
13549,후끈한
13550,앙칼진
13552,멋집니다
13553,좋더라구요
13554,작아서
13555,아쉬웠지만
13559,좋겠네요
13561,재밌는
13562,훌륭했습니다
13563,인색한
13564,훌륭했고
13565,충분히
13566,좋았던
13568,적당했구요
13569,아쉬웠지만
13570,좋았던
13572,작기는
13573,작아서
13575,아프겠죠
13577,괜찮았다고
13579,좋았다고
13580,멋진
13581,화려한
13582,좋았구
13585,즐거운
13586,즐거웠네요
13587,멋지세요
13589,고맙고
13590,고마웠습니다
13591,익숙하면서
13594,깊었다
13595,좁은
13597,좁았음에도
13598,상당히
13599,높았고
13600,생생히
13601,훌륭했다
13603,좋구
13606,만족한
13611,부족했습니다
13612,좋아하는
13615,재밌었습니다
13618,없는것
13619,같음
13620,재미있게
13621,깔끔하고
13622,있구요
13624,자리는
13625,좋게도
13626,가까운
13627,재미있었고
13628,있었고
13629,뿌듯했던
13631,가벼운
13632,가볍게
13633,좋았으나
13634,멋있어요
13635,행복해지는
13637,가득하고
13640,뛰어나고
13643,깊은
13644,공허한
13647,화려했습니다
13648,대단하네요
13649,재밌다
13650,재미있게
13651,같았다
13652,눈부시게
13654,화려한
13655,화려한
13656,화려한
13657,즐거웠습니다
13659,좋았네요
13660,새로운
13661,화려한
13662,화려한
13663,화려한
13664,즐거웠습니다
13666,좋았네요
13667,새로운
13669,풍부한
13670,훌륭한
13671,있었습니다만
13672,어떨까
13673,차가운
13675,나쁘지
13677,이쁘고
13678,있으신
13679,예쁘고
13680,간드러지게
13681,지루한거
13683,멀어서
13685,화려한
13688,뿌듯합니다
13689,화려하고
13690,멋진
13693,넘치던
13694,즐겁게
13695,활기찬
13696,아름다운
13697,신나는
13698,새로운
13703,좋아라
13704,흠잡을
13706,현란하고
13707,많았던
13710,즐거운
13711,추하는
13715,넓지
13716,좁아
13717,중요한
13718,멋졌어요
13720,없구요
13721,역인것
13723,멋진
13724,아니었다
13725,가깝고
13726,있었던게
13727,기쁨이었다
13728,섬세한
13729,있었다고
13730,기대하지
13731,즐거웠습니다
13732,멋져요
13734,불편하거나
13736,비싸게
13737,재미있었다
13738,빨랐고
13741,훌륭했다
13743,재밌었어요
13744,아쉽다고
13745,좋앗어용
13748,멋있어서
13749,즐거웠습니다
13750,아름답고
13751,멋있을
13752,있구나
13753,힘들었습니다
13754,멋지고
13756,즐거운
13757,깊었네요
13758,아닌듯
13760,드라마틱한
13761,아닌거
13763,빵터지고
13764,그러시던데
13765,좋았으니
13769,있길
13775,화려한
13776,설치는
13777,초라한
13778,소박하고
13780,그렇고
13781,넘치는
13782,멋진
13784,좋았구요
13785,진지하고
13786,심각한
13787,가벼운
13788,신나는
13790,넘치는
13791,멋진
13793,재미있게
13797,익숙한
13799,즐거운
13800,다양한
13801,자리였다
13802,기대한다
13803,다양한
13804,친한
13806,예쁘시더라
13807,재미있게
13808,야하지
13809,멋진
13810,멋있는지
13812,좋았던것
13816,변함이
13818,아쉽긴
13822,훌륭합니다
13824,재밌어요
13825,못지않은
13827,멋지시고
13828,멋지다
13830,좋을듯
13831,원하는
13832,기대했던만큼
13833,탄탄하더라구요
13834,탄탄한
13835,화려한
13838,지루하고
13839,만족스러웠습니다
13840,아쉬운
13841,좋지
13842,힘들었네요
13843,좋게
13844,생생한
13846,야하는
13848,재밌었습니다
13849,아니어서
13851,아니라서
13852,놀랬습니다
13854,즐거웠고
13855,같더군요
13858,재밌습니다
13859,부족하다
13861,유명한
13863,재밌었어요
13864,재미있었는지
13865,재미있었고
13866,피곤했지만
13867,피곤한지도
13868,재미있게
13869,지루하긴
13872,화려하고
13873,재밌었어요
13874,깊었습니다
13875,만족하였다
13877,재미있는
13878,기대했던
13882,흥미로웠고
13883,멋진
13884,있을것
13886,재밌고
13887,화려한
13889,좋아해서
13890,좋지
13892,저렴한
13894,생생한
13896,아쉬웠지만
13898,세련된
13899,특별한
13900,없어도
13901,있었고
13904,무거운
13906,좋겠다
13907,재밌는
13911,화려한
13912,놀랬고
13913,만족했습니다
13914,아쉬운
13916,딱히
13917,아니었던
13919,부족했던
13921,카랑카랑한
13922,멋있었거든요
13923,멋있는
13924,재미있는지
13926,좋다
13927,야하게
13928,오래된
13930,부족하다
13931,부족하고
13932,힘들어
13935,야하게
13937,새로운
13939,유명한
13940,재미없어
13943,강렬히
13944,멋있을것
13948,대단함을
13950,대단하신것
13952,화끈한
13954,재밌고
13955,끊임없이
13956,즐거운
13957,화끈하게
13958,계셔서
13959,불편하셨을까
13961,멋졌고
13962,없이도
13963,화려한
13964,화려하고
13965,즐거운
13966,좋더라구요
13967,좋으셔서
13968,좋을것
13971,즐겁게
13972,멋진
13973,행복한
13974,스럽고
13977,즐거웠습니다
13978,신나는
13979,필요없는
13980,유명하고
13982,생생함은
13983,훌륭했습니다
13984,유명한
13985,화려한
13986,유쾌하지
13987,유쾌하게
13989,훌륭한
13990,아쉬웠지만
13992,즐거운
13993,기대했던
13994,좋진
13995,어느새
13997,시원시원하고
13999,신나게
14002,훌륭했습니다
14004,재미있게
14011,멋진
14012,깊었습니다
14014,넘치는
14019,편안하고
14020,자연스러
14022,그랬는데요
14023,멋져
14025,멋졌습니다
14026,신나서
14027,즐거웠고
14028,상당히
14030,유명한
14031,좋으실꺼
14033,괜찮았고
14035,어색한
14038,어색하게
14040,화려한
14041,유머러스한
14042,없게
14044,없다는
14045,안타까울
14046,계신
14047,즐거운
14048,재미있어요
14052,좋았던
14054,안되더라고요
14055,신나고
14056,미었는데
14057,힘들었어요
14059,유쾌하게
14060,아쉬운
14061,좋을것
14064,재밌었어요
14066,지루하다고
14071,대단하다고
14074,어떠냐고
14076,그럽
14077,없다고
14079,그러합니다
14080,피곤한
14081,좋으시고
14082,예쁘시고
14083,발랄하고
14084,있으세요
14085,좋으시고요
14089,재미있게
14092,즐거운
14093,노련한
14094,뜨거운
14095,즐거운
14096,노련한
14097,뜨거운
14100,즐겁게
14101,있을것
14103,신나고
14105,완벽하더라구요
14107,완벽한
14108,행복합니다
14112,화려한
14113,섹시해요
14114,가득한
14115,즐거웠다
14116,생생하게
14118,재미있게
14119,행복했답니다
14120,훌륭한
14123,멋있어요
14124,멋져
14125,좋았네요
14126,멋져요
14129,신선함이
14130,완벽하게
14131,맛깔나는
14132,산뜻한
14133,우수합니다
14134,놀라웠습니다
14135,완벽하게
14136,어색함
14137,완벽했습니다
14138,짙은
14141,장난스러
14143,기대했지만
14144,그런건
14146,유쾌하고
14147,즐겁게
14148,좋을것
14150,재밌어요
14151,비싸다고
14153,편하게
14154,즐겁게
14155,재밌습니다
14156,화려하고
14158,기대했지만
14159,초라한
14160,정확한
14161,힘들었고
14162,멋졌어요
14163,즐거운
14166,섹시한
14167,훌륭한
14170,부족하다
14171,그럴수도
14172,있을것도
14173,같네
14175,있으나
14176,훌륭했다
14177,억지스러운
14178,아닐것이라
14179,화려하다
14180,섹시함에
14181,섹시한
14182,생생하게
14183,생생하게
14184,멋졌어요
14185,색다른
14187,고맙습니다
14188,만족하고
14189,멋진
14191,재밌고
14193,대단했고
14195,행복한
14197,멋지고
14199,더라구요
14200,비싼
14201,아니었습니다
14204,좋았을거
14206,뛰어나고
14207,대단해서
14211,안되긴
14212,화려하고
14213,재밌었음
14216,부족한거
14219,즐겁게
14221,아쉬워서
14225,멋지고
14226,훌륭합니다
14227,예쁘네요
14229,멋지셨구
14230,재밌었습니다
14231,아니어
14232,놀라웠다
14233,좁은
14234,아쉽다
14236,반가웠습니다
14237,훌륭했고
14239,따뜻한
14241,좋았구요
14243,재밌는
14245,따뜻한
14247,좋겠음
14249,좋았을
14250,같음
14251,좋았네요
14252,많아요
14253,좋지만
14254,아쉬운
14262,재미있게
14263,지루할
14267,약한듯
14268,부족했습니다
14269,부족하다는
14270,매끄럽게
14271,미친
14272,깨끗한
14273,좋았구요
14274,만족스럽고
14275,즐거운
14277,아쉬운건
14278,아쉬웠던듯
14281,뿌듯함을
14283,벅찬
14286,재밌었습니다
14287,멋진
14289,힘들
14290,기대한것보다
14291,재미있었고
14292,행복하네요
14293,노련한
14294,없어서는
14295,안될
14296,확실하더군요
14297,재미있고
14298,멋진
14301,있었고
14305,즐겁게
14306,멋진
14307,아름다운
14308,즐겁고
14310,완벽한
14311,깊었던
14312,화려한
14314,지루한
14316,아쉬웠습니다
14317,야할거
14319,재미있게
14320,나쁘지
14323,재밌어요
14324,깊은
14325,좋아하는
14326,아닌데
14327,있었어서
14328,없었거든요
14329,멋있었어서
14330,대단하군요
14331,짧았습니다
14332,마르더라구요
14333,멋진
14335,미있다
14336,재미있다
14337,재밌다
14339,만족했던
14340,즐거운
14341,좋지
14343,많았던
14344,화려한
14345,화려함이
14347,멋지네요
14348,즐거운
14349,멋졌어요
14350,멋진
14353,지루하지
14355,재밌었습니다
14356,멋진
14357,뛰어납니다
14358,즐거웠어요
14359,안좋아서
14361,가볍게
14362,좋을만한
14363,재미있는
14365,안좋아서
14367,가볍게
14368,좋을만한
14369,재미있는
14372,새로웠습니다
14374,다르더군요
14376,노래였는데요
14377,넘치는
14378,멋진
14379,행복하게
14380,화려한
14381,넘치는
14382,즐겁게
14384,같은것이
14386,숨가빠하는
14387,흥겨워서
14389,예쁘시고
14390,재밌고
14392,어색하다
14394,지루하지
14395,재미있었습니다
14400,화려함에
14401,많았으나
14402,좁은
14403,노련함과
14405,화려하지
14406,불편했다는
14409,즐겁게
14411,흥겹게
14413,즐거웠습니다
14414,유명하니
14416,적절하게
14417,유쾌했습니다
14418,초라하더군요
14419,화려한
14420,있었을텐데요
14421,즐거운
14422,아닌데
14423,없는듯
14424,밋밋한
14425,재미없는
14426,지겹게
14427,똑같은
14429,즐겁게
14430,즐겁고
14431,신나게
14432,행복했습니다
14436,다양한
14437,행복한
14439,멋진
14440,완벽하게
14441,즐거운
14443,멋진
14444,부드러운
14445,멋있었습니다
14446,가벼운
14449,대단하고
14451,화려하고
14452,멋있습니다
14455,좋게
14456,아쉬웠어요
14458,지루하지
14459,신선하고
14461,깊었던
14463,힘들었을텐데
14464,대단하다는
14465,유명하시니까
14466,필요없구요
14467,이쁘시고
14468,지루할
14472,즐겁게
14474,어려웠던
14475,갑작스럽게
14476,어렵게
14477,넘치는
14478,즐겁게
14480,어려운
14481,즐겁고
14482,재미있는
14483,좁네요
14484,좁고
14485,멀었어요
14486,괜찮았지만
14489,지루한
14494,엄청난
14495,훌륭하였습니다
14496,멋있었습니다
14497,적절히
14498,좋아하던
14499,재미있고
14501,대단했습니다
14502,대단한
14503,적절히
14504,재밌었습니다
14505,멋졌고요
14506,재미있게
14507,멋진
14508,재미있고
14509,멋진
14510,멋진
14511,기대하고
14512,기대했던거
14513,멋진
14514,멋지고
14515,알찬
14519,좋아하는
14521,아쉽지만
14522,행복한
14523,재미있어요
14524,신나고
14526,멋있었는데
14527,없으니
14528,밋밋했어요
14529,좋았지만
14530,화려한
14531,아니었던것
14533,아쉽네요
14535,현란한
14537,지루하지
14539,즐거웠어요
14541,풍부한
14542,아늑한
14543,있었던거
14545,특별한
14546,즐거운
14547,재밌다
14548,재밌었네요
14549,그렇고
14550,그렇고
14551,좋았지만
14552,재밌었습니다
14553,아까웠어요
14554,멋졌어요
14555,재미있다고
14556,좋아하셨어요
14558,넘치는
14559,좋았던
14560,멋진
14562,괜찮았습니다
14563,지루했었던것
14565,대단했고
14566,굵은듯
14569,있었을텐데
14572,넘치는음
14574,재밌지도
14575,재미없지도
14577,부족했음
14581,힘들었음
14582,멋있었습니다
14584,지루하지
14585,재미있게
14586,지루하지
14587,재미있게
14589,재밌는
14590,강렬함이란
14591,없더군요
14593,민망하기도
14594,어떻기
14599,괜찮겠죠
14600,멋졌어요
14601,생생한
14602,멋진
14603,부탁드려요
14605,즐거웠던
14607,익숙하지도
14608,있었을
14609,있었고
14610,있었기에
14611,재미있게
14613,예쁜
14615,재미있었고
14617,깊었던
14618,좋았던
14619,당연했고
14621,지루할
14622,재미있게
14623,탁월한
14624,좋았던
14625,사랑스럽던
14626,멋지시고
14627,좋았네요
14628,고프다
14629,안되는듯
14631,충분히
14632,없는건
14634,야할듯
14635,뒤늦게
14637,설레게
14638,바빴던
14639,벅찬데
14640,멋지고
14641,재밌고
14642,시원하게
14643,멋져요
14644,깨끗하고
14645,쾌적했고
14647,신나게
14648,즐겁게
14649,지루하지
14650,재미있게
14651,지루한줄
14656,즐겁게
14658,멋지셨지만
14659,신나고
14660,재밌네요
14661,멋진
14664,있길래
14665,특이하게도
14668,넉넉하게
14669,많아
14671,딱딱한
14673,야하지
14675,빠르게
14676,구수한
14680,재미있게
14682,위험한
14684,멋진
14685,멋져요
14687,어두웠다
14688,필요하지
14689,화려하고
14690,변화무쌍한
14691,없었지만
14692,섹시한
14693,특이한
14694,강렬한
14695,신선했다
14696,멋졌다
14697,신나는
14698,바빠서
14700,환한
14701,행복했던것
14703,좋을꺼
14705,좋을꺼
14708,즐겁게
14712,재미있고
14713,신나는
14714,멋졌습니다
14717,신나고
14718,재미있고
14719,신나고
14720,재미있었습니다
14722,멋지고
14723,재미있고
14724,신납니다
14726,신나고
14727,훌륭하십니다
14728,재미있고
14729,즐거운
14730,재미있게
14732,즐거운
14733,유명한
14734,없을것
14735,같구요
14736,좁아
14738,아쉬웠네요
14739,이렇게나
14740,발칙함
14742,많았어요
14743,좋아하시더라구요
14745,그렇고
14746,그렇고
14747,그렇고
14748,그렇고요
14750,부담스러울거
14752,원하면
14753,발랄하게
14755,재미있게
14756,멋진
14758,좋았네요
14761,재밌어
14762,신나도
14763,재미있습니다
14765,화끈하고
14766,유쾌한
14767,재밌었어요
14768,화려함이
14769,없었던거
14770,같아여
14771,있는지에
14772,탄탄한
14774,조화롭네요
14775,멋있었습니다
14776,남다르시더군요
14778,화려한
14779,좋았지만
14780,좋아습니다
14781,아쉽다면
14782,약했어요
14783,있겠지만
14784,재미있어요
14786,좋아아요
14799,있었으므로
14800,기대했던만큼
14801,화려하고
14802,멋진
14804,탁월한
14805,좋아했는데
14807,멋진
14809,탄탄한
14810,화려한
14811,아름다운
14812,행복했습니다
14814,있었으므로
14815,기대했던만큼
14816,화려하고
14817,멋진
14819,탁월한
14820,좋아했는데
14822,멋진
14824,탄탄한
14825,화려한
14826,아름다운
14827,행복했습니다
14829,즐겁고
14830,재밌는
14832,훌륭하네요
14833,좋았을거
14835,어려운
14837,즐거운
14840,대단하고
14842,유쾌하고
14843,화려한
14846,좋더라구요
14847,작아서
14848,만족한
14849,흥겹고
14850,재밌어요
14851,좋을텐데
14853,멋졌어요
14854,있었는지는
14855,이쁘시던지
14856,완벽하신지
14857,좋았어오
14858,이쁘고
14859,신나하면서
14862,없다냥
14863,같당
14866,없었지만
14867,다르면서
14868,좋았다고
14870,엄청난
14871,유쾌한
14872,즐거울
14874,작기는
14878,즐겁고
14879,재밌는
14880,만족합니다
14881,설렘의
14885,만족했던
14886,성하게
14887,깊은
14888,기쁜
14889,좁아
14890,아기자기한
14891,야했지만
14892,좋으셔서
14893,멋져
14894,지루할
14896,완벽했다고
14898,어색하지
14900,화려했다면
14901,좋았을꺼란
14902,아쉬음
14903,멋진
14904,흐뭇
14906,행복했습니다
14907,재밌습니다
14908,생생하고
14909,즐거운
14910,만족합니다
14914,즐거운
14915,아쉬운
14916,많았던
14917,화려한
14918,있으셨던것이
14919,화려하고
14921,기대했던
14923,같고요
14924,뿐이었던
14928,아니었나
14929,아니시라고
14931,안타까웠습니다
14933,희미한
14934,재밌고
14935,탄탄한
14936,섹시한
14937,넘치는
14938,낮게
14939,넘치는
14943,드라마틱한
14945,분주히
14948,아깝단
14952,많습니다
14953,이쁘시고
14954,탄탄하고
14955,좋지
14957,멋졌다
14960,고마워
14962,아쉬운
14963,좁아서
14964,아쉬웠네요
14965,신나는
14966,재밌네요
14970,화려한
14972,즐겁게
14973,생생하게
14975,고맙습니다
14976,만족스러워하네요
14978,즐거운
14981,신나게
14982,즐거운
14983,엄청난
14984,신선하였습니다
14989,재미있었고
14992,멋진
14993,벅찬
14994,멋진
14995,재미있다고
14996,뿌듯했습니다
14997,멋집니다
14999,넓은
15000,멋진
15002,귀여우면서도
15003,섹시했고
15004,멋있었습니다
15006,저렴하게
15007,멋지고
15008,유명한
15009,완벽한
15010,멋진
15011,좋더라구요
15013,즐겁게
15014,행복한
15015,훌륭하셔서
15016,있으시면
15018,훌륭한
15019,계셨지만
15020,멋진
15021,더했습니다
15022,즐거운
15024,기뻤습니다
15025,풋풋한
15026,예뻤지만
15027,멋있다는
15028,부족하네요
15029,멋진
15031,괜찮았으나
15032,훌륭했어요
15033,있는듯
15034,재밌어요
15035,괜찮은
15036,재밌던
15038,신나고
15040,재밌다는
15041,좋을
15044,이럴
15046,재미있어서
15047,영원한
15049,고랍니다
15050,반하게는
15053,아름다운
15054,뜨거운
15055,섹시한
15056,있러
15057,섹시하여
15058,나쁘진
15059,아쉽긴
15060,즐겁게
15061,아닌것
15062,같다는
15063,발랄하고
15064,경쾌해서
15065,즐거웠습니다
15066,반하고
15068,괴로웠어요
15069,즐거웠고
15071,아쉬웠어요
15074,아쉽네요
15075,멋졌어요
15076,아름다
15077,넘치시는지
15078,발랄한
15079,즐거운
15081,신선하고
15082,화끈한
15083,귀여운
15084,없인못
15085,교활하고
15086,능글맞은
15087,속상했지만
15088,행복하는나의
15089,멋진
15090,힘차게
15091,멋져요
15092,없었는데
15094,편해서
15096,재밌어요
15097,재밌었습니다
15098,더구요
15099,안타깝게도
15100,익숙하고
15102,설레이며
15103,가득했다
15104,유머러스한
15105,깊었다
15106,독특하게
15108,섹시한
15111,유머러스한
15112,반했는데
15113,멋있으시더라구요
15114,뿐입니다
15115,멋진
15117,있는게
15118,아니더군요
15119,놀라운
15120,쓸쓸하고
15121,유일한
15122,신선한
15123,즐거웠습니다
15125,무리하게
15126,좋지는
15127,나쁘지
15128,넘치는
15129,좋았고요
15130,충실하시고
15131,날씬하고
15132,멋진
15133,덜했어요
15134,어색해서
15137,재미있었어요
15139,실망했습니다
15140,아쉽습니다
15142,탁해요
15143,유명한
15145,화려한
15147,없었네요
15148,유명한지
15149,재미있게
15151,멋진
15153,멋진
15155,안되는거
15158,작은게
15159,아쉽긴
15160,화려한
15161,멋졌습니다
15162,신나고
15163,재밌으셨다더라고요
15165,건전하게
15166,탁월한
15173,저렴하게
15174,즐거운
15175,멋진
15177,멋있으시더라구요
15179,재미있게
15181,멋진
15182,멋진
15183,멋진
15184,즐거웠습니다
15187,한가할까
15188,긴박하게
15189,재미있고
15190,신났어요
15191,많이하고
15192,좋아해서
15194,좋아하네요
15195,즐거운
15198,좋았어용
15199,생생해요
15200,이뻐오
15204,색다르게
15205,괜찮은
15206,저렴하게
15210,즐거운
15212,흥겨운
15213,같던
15214,좋다
15215,좋을
15216,즐거운
15217,예쁘시고
15218,같았구요
15220,즐거운
15221,독특하고
15223,좋아하는
15224,넘치는
15225,좋아하기
15226,힘들다는
15229,넘치는
15231,행복했다
15232,새로운
15233,같았던
15234,즐거운
15235,멋진
15237,부탁드려요
15238,멋진
15240,부탁드려요
15242,힘들
15245,예민한
15246,계셨어도
15247,외로운
15248,전화한
15249,멋지게
15250,멋지고
15251,이쁜
15252,행복합니당
15253,영원하라
15254,뿌듯하네요
15255,좋을
15257,즐거운
15258,좋으
15259,아닌데도
15260,재미있고
15261,생생하게
15262,흥미롭게
15263,편리하고
15265,화려해서
15266,재미있었다
15268,신나고
15269,즐거웠다
15270,완벽했던
15271,즐겁고
15273,즐거운
15275,기대했는데
15276,기대했던만큼
15277,재밌었어요
15279,힘들었을텐데
15280,멋진
15281,멋졌어요
15282,즐거운
15283,즐거운
15284,완벽했던
15289,아쉬운
15290,같단
15291,짜릿함을
15293,즐거웠습니다
15294,멋집니다
15295,무거운
15296,아니라서
15297,즐겁게
15301,즐겁게
15302,재미있었어요
15303,조아요
15304,놀라웠고
15306,재밌고
15307,멋집니다
15312,잘맞아요
15313,힘든거
15314,다행히
15315,그러
15316,당연하다는듯
15317,그랬음
15319,원하면
15320,재미있어
15321,같지도
15322,다름
15327,훌륭해서
15328,넘치는
15331,활기찬
15332,청순한
15333,색다른
15335,신선한
15336,상쾌한
15337,재미있었어요
15339,흥겨운
15340,멋지네요
15341,힘드시겠지만
15342,이럴
15343,서러워요
15346,익살스런
15347,즐겁고
15349,넓은
15350,이쁘고
15352,즐거웠습니다
15353,멋지고
15355,기대했던
15356,재미있게
15357,멋있는
15358,재밌었어요
15359,뻔했네요
15360,아쉬웠지만
15361,아름다운
15363,황홀하였습니다
15364,아름다운
15367,생생함이
15368,좋았던
15370,만족한
15371,좋았다고
15373,즐거웠습니다
15375,유명한
15376,상당히
15377,소소한
15378,탄탄한
15379,만족스러운
15382,재미있게
15383,대단했어습니다
15385,예뻐요
15386,특별한
15387,탁월한
15388,재밌어요
15389,재미있고
15390,빨라
15391,재밌었어요
15392,멋있었어요
15394,색다른데
15395,멋있었어요
15397,있는지는
15401,즐거운
15402,깜찍하고
15403,귀여운
15404,재밌고
15405,섹시한
15407,즐거운
15408,빈약하다는건
15409,풍부하다는
15410,불편하고
15412,멋지고
15413,탄탄한
15414,야하는
15417,기대했던
15418,훌륭하게
15419,이런것
15420,특별한
15421,없어도
15422,좋게
15424,만족했던
15425,아쉬웠던
15426,멋진
15427,좋았으리라는
15428,행복한
15429,화려하고
15430,흥겨워서
15431,즐겁게
15433,좋아하면
15434,화려함은
15441,좋아하던
15442,재밌는
15444,즐거운
15445,멋진
15446,좋아하네요
15447,불쾌했던
15448,지루한
15449,재미있게
15450,섹시하고
15451,멋있었어요
15453,섹시했고
15454,재밌다고
15455,좋아하셔서
15456,뿌듯했어요
15458,재미있게
15463,다른것
15465,많지만
15466,화려한
15467,없어도
15468,충분히
15469,재미있다고
15470,좋아하셨어요
15471,야해서
15472,있긴
15473,탄탄하니
15474,즐거운
15477,저렴하게
15479,넘쳐나서
15480,넓었더라면
15481,좋았을꺼
15482,같지만
15484,좋았던
15485,지루하지
15486,즐겁게
15487,지루하지
15488,재미있었습니다
15490,재미있었던
15493,의한
15494,비싼
15497,재밌으면서도
15498,지루한
15499,재미있게
15500,흥겨운
15502,좋게
15503,유쾌하게
15504,신나는
15505,우울했던
15506,활기찬
15508,화려하고
15509,많았던
15510,멋있었어요
15511,화려한
15513,작았어요
15516,즐거운
15519,재밌고
15520,신나는
15522,멋집니다
15524,훌륭하시고
15525,멋있으세요
15526,화려하고
15528,탄탄한
15529,단조로우나
15530,높아
15531,즐겁고
15532,흥겨운
15534,재밌어요
15535,화려한
15537,역시나지만
15539,깊었습니다
15540,없는건
15541,아쉬웠습니다
15543,멋지고
15545,멋졌어요
15547,멋있어여
15549,반해서
15550,넘친
15554,탁월한
15555,바쁜
15556,지루했다고나
15557,섹시하고
15558,화려한
15559,완벽한
15560,멋진
15561,없었다는
15562,멀어서
15564,벅찬
15565,벅찬
15566,멋진
15568,멋있다는
15569,신나는
15570,완벽했다고
15572,아니라며
15574,강렬해서
15576,싫었던
15577,재미있게
15578,영원하라
15579,재미있었습니다
15580,화끈하고
15581,시원시원하고
15582,만족했습니다
15583,즐거웠어요
15584,훌륭하다는
15588,황홀한
15589,사소한
15590,좋았구요
15591,가득히
15593,굉장하여
15594,없었구요
15597,멋진
15598,섹시하고
15599,좋아하시더라구요
15600,꾸준히
15601,진정한
15602,없었네요
15604,즐거웠어요
15605,재밌어요
15606,즐거운
15607,빠르게
15608,지루하지
15609,흥겹고
15610,즐거운
15614,무겁고
15615,딱딱한
15617,즐거운
15618,어렵게
15619,어떨지
15621,안되서
15622,많았던
15625,만족스러웠습니다
15627,대단하다는
15630,기대했던것
15632,좋다
15633,대단하다
15634,대단하다
15635,부족할
15639,즐거웠던
15640,어이없음
15641,멋진
15642,재밌어요
15643,재밌어요
15644,화려한
15646,멋지고
15647,즐거울
15648,훌륭한
15650,명확히
15653,만족스럽고
15654,즐거운
15655,즐거웠는데
15657,괴로웠음
15659,야하는거
15661,성하고
15662,아름다운
15663,짧고
15667,치열하고
15668,멋있음
15669,아니었지만
15670,화려하고
15671,넘쳐나서
15675,달랐다
15676,있긴
15678,철저한
15679,없다면
15680,없었겠다라는
15681,멋진
15684,강인한
15686,같다는
15687,대단함이
15690,멋진
15692,스럽다고
15695,완벽한
15696,멋있고
15698,있다는게
15699,황홀했던
15700,화려하진
15701,재밌네여
15702,멋진
15703,멋진건
15705,끝없는
15706,멋지고
15707,아름다운지를
15710,기대하고
15711,재밌었어요
15712,맛깔나게
15714,많았는데
15720,흥겨운
15721,흠잡을
15723,단순한
15724,재밌어서
15725,예뻤습니다
15726,멋있으셨구요
15727,지루하지
15729,좋았던
15730,많은데
15732,괜찮을까
15733,재미있게
15734,훌륭한
15735,기대함을
15736,훌륭한
15737,재미있었던
15738,노련하
15740,재미있고
15742,화려한
15743,섹시한
15745,신나는
15746,섹시한
15749,이쁘고
15750,좋앗습니다
15751,필요없어요
15752,성해지고
15753,재밌는
15754,깊어진듯
15755,못지않게
15760,멋있으
15761,스러우면서
15762,섹시한
15765,대단하
15766,별다른
15768,성한
15769,다른데
15771,편해서
15772,좋음
15773,지루하지
15774,다른듯
15775,쾌적했어요
15776,착하시면
15777,있구요
15778,재미있게
15779,재미있게
15780,노련한
15781,재미있었다
15782,재밌었어요
15789,비슷하겠지만
15790,좁고
15791,특별한
15793,인한
15794,상당히
15795,부족했습니다
15801,아쉽네요
15802,많으세요
15803,잘맞고
15804,빵터졌었네요
15805,만족스런
15809,대단합니다
15812,귀여우셨어요
15813,재밌었던
15815,아니었나
15817,출중해서
15820,반하고
15821,화려한
15822,지루할
15823,없었네요
15825,아니었나
15827,출중해서
15831,좋았던
15833,유명한
15835,자자한만큼
15837,즐겁게
15839,재밌고
15840,좋게
15841,많으니까
15843,아쉽고요
15846,실망했어요
15847,예쁜
15848,허전하고
15849,답답함
15850,좋았음
15851,없긴
15852,지루할
15853,저렴하게
15854,섹시하시고
15855,멋지시고
15856,즐겁더라구요
15857,있었다는
15858,죄송해요
15859,멋진
15860,많아요
15861,즐거운
15863,재미있게
15866,재미있다는
15867,재미있게
15870,화려하지만
15871,화려한
15872,좋지
15873,있기에
15876,좋아하셔서
15877,즐거운
15881,재밌다고
15883,재밌었습니다
15885,대단한거
15888,머나먼
15890,뛰어나고
15891,예쁘고
15892,화려한
15893,섹시한
15894,가득했구요
15895,좋앗어요
15897,이쁘고
15901,만족스러워
15902,좋게
15903,신나는
15904,대단하십니다
15906,이뻐서
15907,지루하지
15911,많았다
15913,흔해
15916,변하지
15917,충분한
15919,변한게
15921,충실한
15924,화려함의
15925,엄청난
15926,단조로웠지만
15931,화려한
15932,뛰어난
15933,나쁘지
15934,어색하지
15935,멋졌습니다
15936,있었죠
15937,아니었나
15938,없게
15940,재미있고
15941,신나고
15942,화려한
15943,없었네요
15945,부탁드려요
15946,재밌어여
15947,재미있었다
15951,이렇게나
15952,사랑스럽고
15953,섹시하게
15954,사랑스럽고
15955,섹시해진
15956,사랑스런
15957,통쾌한
15959,좋지
15962,좋앗음
15963,성한
15964,재미있구요
15966,어색한
15968,실망했지만
15969,그렇듯
15970,흥겨운
15971,멋진
15972,당하는것
15974,지루할
15975,없었네요
15976,재미있었고
15977,있더군요
15978,화려한
15979,즐거웠던
15980,젊은
15981,즐거운
15982,좋았겠다는
15983,가까운
15986,멋졌습니다
15988,넘치는
15991,있었는지
15994,재미있게
15995,완벽했구요
15996,있었으나
15999,넘쳤습니다
16000,즐거운
16002,더했구요
16004,화려한
16005,아쉬웠던
16007,생생한
16008,자세히
16010,아쉬웠습니다
16011,즐거운
16012,아쉬웠지만
16014,만족했습니다
16016,이쁘고
16018,엄청나게
16019,좋다
16020,화려한
16021,멀기에
16023,아니었을까
16025,재미있네요
16026,더군요
16028,뛰어나시지만
16029,계시다는데
16031,계실지
16034,유명한데는
16036,신나고
16037,멋져요
16039,멋졌습니다
16040,멋집니다
16041,신나고
16042,화려한
16044,많구
16045,길지
16046,가볍게
16049,어느덧
16050,행복한
16051,이쁜
16052,넘치는
16053,멋진
16054,멋진
16055,좋아용
16056,짧다는
16057,재밌는
16058,완벽한
16059,유쾌했고
16060,즐겁게
16061,지루할
16063,아쉬웠습니다
16064,즐거운
16066,멋진
16067,화려한
16068,멋진
16069,신나고
16070,대단히
16071,넘쳤지만
16072,대단했습니다
16075,지루할
16076,없었네요
16078,아름다운
16079,신나고
16080,행복합니당
16081,이시대
16083,안좋을까
16084,넓고
16085,쾌적하고
16086,더군요
16089,화려한
16091,화려함
16092,소박한
16093,화려한
16094,멋집니다
16096,화려하고
16097,유쾌한
16098,강렬하고
16099,섹시함이
16100,색다름이
16101,같았네요
16103,강렬한
16104,현란했던
16105,넘쳤던
16107,멋진
16109,야하거나
16110,심하지는
16118,탄탄한
16119,즐거웠습니다
16121,반해서
16123,불편해요
16124,좁고
16126,가능했던것
16129,자연스럽고
16130,멋있으셔요
16131,좋아하는
16133,멋진
16135,멋진
16136,부탁드립니다
16137,입나다
16138,그렇고
16139,잘맞는
16140,아쉬운
16141,그렇고
16142,잘맞는
16143,아쉬운
16144,재밌었어요
16148,멋지고
16151,흥겹고
16152,신나고
16153,저렴하게
16155,만족스런
16156,다양한
16159,설레는
16161,실망했었고
16164,있었
16165,좋을
16166,멋있었다
16167,스럽긴
16168,멋진
16169,멀어서
16170,좋게
16171,섹시하고
16172,새롭게
16174,세련되고
16177,가능한
16179,고픈
16180,신나게
16181,넘치는
16182,있었고
16185,같구요
16186,만족스러웠던
16187,가득한
16190,있었네요
16191,지루하지
16192,두려워
16193,참된
16194,즐겁게
16196,멋진
16197,재미있었습니다
16198,훌륭하고
16199,성장하고
16200,탄탄함과
16201,훌륭했습니다
16202,훌륭하더라구요
16205,짧지
16206,안된다
16208,부족하다
16209,아쉬운건
16210,아쉬웠다
16211,힘들고
16213,재미있게
16214,즐거운
16216,재미있게
16217,즐거운
16219,재미있게
16221,어떨까
16222,궁금했는데
16223,재미있는
16224,재미있고
16225,즐겁게
16226,좋았던
16228,깊었었나
16230,어떨까
16231,궁금했는데
16233,필요없는
16234,멋있다
16235,멋있었어요
16236,짠하기도
16237,틈틈히
16239,즐거운
16241,어색했지만
16244,자자한
16245,당당히
16247,두근거리게
16249,야한다
16250,가까운
16251,현란한
16253,커다란
16254,좁아
16255,바쁘게
16256,사랑스런
16257,없게
16258,자자하고
16259,같았다
16260,귀여웠다
16261,사랑스러웠다
16263,귀여운
16264,멋진
16265,사랑스럽고
16266,깜찍한
16267,있는듯
16268,교활한듯
16271,행복한
16273,멋진
16274,좋아하는
16275,멋있었어요
16281,더라구요
16282,깊은
16283,자자한지
16284,재미있을것
16287,화끈한
16288,놀랬지만
16289,잘생김
16291,아니였어요
16293,재미있게
16297,멋지네요
16300,훌륭한
16301,깔끔했구요
16302,좁아
16303,답답하고
16304,기대했던
16305,멋진
16307,저렴한
16308,설레어하면서
16310,좋다는
16311,기대하고
16313,좋겠다고
16317,기대합니다
16318,많으신
16319,따뜻한
16323,기대합니다
16324,멋있네요
16325,재미있게
16326,화려한
16327,상당히
16328,그런가아니면
16329,추워
16330,신나고
16331,유명한
16332,재밌었어요
16334,재밌고
16335,재밌었습니다
16336,야한
16337,없으시면
16339,괜찮은
16341,멋지당
16343,아니어도
16344,충분했다
16346,아쉬웠다
16348,아쉬운
16350,심심했다
16352,야해
16353,괜찮다
16354,섹시하고
16355,멋있을
16357,멋진
16358,기대하고
16359,기대하면서
16360,예쁘더라구요
16361,건강해
16364,변화무쌍함
16366,단조로운
16368,재미있게
16369,기대하기보다는
16370,편안하고
16371,유쾌한
16372,원한다면
16374,같다는
16378,시끄러웠지만
16379,멋지고
16381,완벽한
16382,멋졌어요
16383,있더라구요
16384,신나고
16385,재미있어요
16387,뛰어나고
16388,재미있었네요
16389,아름다
16392,섬세하게
16394,없던
16395,가능한
16396,그렇고
16398,멋졌어요
16399,충실한
16400,사랑스러웠어요
16401,가녀리면서도
16403,기대하고
16404,애매한
16406,궁금해진다
16407,아쉬웠다
16408,기대하며
16409,궁금했다
16414,재밌었어요
16415,강렬함
16416,통쾌함
16417,많았는데
16418,멋진
16421,깊었구요
16422,깊은
16423,괜찮았어요
16425,이런거
16426,괜찮을것
16429,섹시하신
16430,많네요
16431,재미있는
16435,이쁨
16436,즐거웠습니다
16437,탄탄한
16438,화려한
16439,유쾌한
16440,좋았네요
16442,가까운
16447,좋았구
16450,즐겁고
16451,재밌었던
16454,즐겁고
16456,신나는
16458,재밌었습니다
16459,바쁜
16460,경쾌한
16461,즐거운
16462,신나는
16464,재밌는
16465,같이요
16466,경쾌하게
16467,신나는
16469,이쁘고
16470,재밌었고
16471,즐거운
16473,재미있었는데
16474,심심하고
16475,단조로웠어요
16476,화려함을
16477,기대했는데
16478,있었을
16482,멋있었던
16484,필요없습니다
16485,화려한
16486,매끄럽고
16487,있더군요
16488,아쉬웠습니다
16489,깊었지만
16490,재미있게
16491,화려하지도
16492,재밌지도
16493,실망했습니다
16494,없었구요
16495,재밌다
16499,그러
16502,심하겠지만
16503,실망해서
16504,신나고
16505,재미있는
16506,어려운
16508,재미있을
16509,같다는
16513,어려운
16515,재미있을
16516,같다는
16520,어려운
16522,재미있을
16523,같다는
16527,어려운
16529,재미있을
16530,같다는
16534,어려운
16536,재미있을
16537,같다는
16541,재밌습니다
16543,있겠습니다
16546,화려함
16548,훌륭함을
16549,지루한
16550,있거나
16553,아프지
16554,멋있으십니다
16555,비싼
16556,아깝게도
16561,재밌긴
16562,아쉬웠는데
16564,가까운
16565,즐거웠습니다
16566,재밌네요
16567,비싸서
16568,아니네요
16569,멋있어요
16570,유명한
16573,아까웠을
16574,야해서
16575,싫었구요
16578,좋겠습니다
16579,강하고
16580,화려한
16581,멋있고
16582,완벽했던것
16584,가득한
16585,있는게
16586,좋았구요
16593,재미있게
16594,좋았다고
16595,재미있게
16596,좋았다고
16597,재미있게
16598,좋았다고
16600,세련되고
16603,저렴하게
16604,재미있었습니다
16608,기대하지
16609,멋지게
16611,좋게
16612,생생하게
16615,부끄럽긴
16616,즐거운
16617,기대했는데
16619,멋있었어요
16620,무겁지
16621,그렇고
16622,신나는
16624,섹시한
16625,유명한
16626,유명하지
16628,멋진
16630,재밌고
16631,유쾌했습니다
16632,멋있었어요
16633,우울했는데
16634,무거운
16635,유쾌하고
16638,우울해
16639,발랄한
16641,멋진
16642,화려하고
16643,유명한
16644,뛰어나신
16645,기대한게
16646,지루한
16650,재밌고
16653,안되는
16654,아쉽더라구요
16655,만족하고
16656,훌륭했어요
16657,새로운
16659,미세한
16660,대단합니다
16662,무거울
16664,재미있게
16667,피곤해서
16668,지루할
16670,유머러스해서
16671,멋져요
16673,명확히
16674,처량하게
16675,비참하게
16677,산만하고
16678,가벼운
16679,가벼운
16682,유쾌하고
16686,행복했던
16687,화려한
16694,좋았네요
16695,신나게
16698,예뻐여
16699,재밌었습니다
16700,같으니까
16702,귀여운
16703,귀엽고
16704,예쁘더라고요
16705,섹시하고
16706,멋지
16708,멋진
16709,많더라고요
16710,즐거운
16711,화려하지는
16718,뛰어난
16723,역으며
16727,쏠쏠했다
16728,재밌었어요
16729,없구요
16730,화려한
16732,좋지
16733,아쉽지만
16734,기대하고
16735,고셨습니다
16736,아쉽네요
16737,훌륭했구요
16738,만족했던
16740,유쾌하고
16741,재미있네요
16742,멋지셔요
16743,유쾌한
16744,좋았아요
16746,유명한
16747,노련한
16748,없었지만
16750,깨끗하고
16751,중요한
16752,즐거운
16754,아닌데
16755,자연스러운
16757,가까워서
16758,어려운데
16759,자세히
16762,예뻐요
16763,멋진
16764,신나고
16765,많았다
16766,즐거웠습니다
16767,좋아하는
16768,행복한
16769,신나고
16770,재밌는
16771,즐거워하고
16773,괜찮고
16774,좋내요
16775,즐겁고
16776,유쾌했어요
16777,대단한거
16778,같아여
16779,멋진
16781,꾸준히
16782,가볍게
16784,반하고
16785,이쁨에
16786,반하고
16787,반하고
16788,있던치에
16789,대단하시
16790,더리
16791,찰진
16793,짙은
16796,유쾌하고
16797,즐건
16798,필요없는
16800,멋져요
16801,재미있어서
16802,재밌고
16803,흥겹고
16805,달랐지만
16807,재미있었네요
16808,소중하게
16810,먼말이
16811,필요할까
16814,재미있었고
16816,신난다
16817,즐거운
16818,기대한대로
16819,재밌습니다
16820,재미있어요
16821,날씬하고
16824,아쉽네요
16825,훌륭했습니다
16826,훌륭하신
16827,멋졌으나
16829,다를
16830,괜찮을
16831,예쁘고
16832,작더라구요
16836,아쉽지만
16838,좋았구요
16840,있으신
16841,치열했고
16842,어려워
16844,유명한
16845,아름답고
16846,훌륭했다
16847,적절한
16849,화려하단
16850,화려한
16854,대단하단
16856,어떨까
16857,멋있었던
16859,탄탄한
16861,아니라는
16862,재밌네요
16863,재미있고
16864,즐거웠습니다
16865,멋있었습니다
16867,새롭네요
16869,이쁘신
16870,섹시한
16871,반하고
16872,신나더라구요
16873,나쁘지
16874,그런건
16875,같다는
16876,확실한건
16877,불편하더라
16879,사소한
16880,괜찮앗습니다
16881,멋진
16882,재밌는
16883,멋있어요
16884,아닌듯
16885,즐거웠어요
16887,즐겁게
16888,훌륭했고
16889,멋있네요
16891,멀게
16893,재미있고
16894,안되는
16897,자리는
16898,작은듯
16899,변하면서
16900,더했고
16904,망하기엔
16905,좋지만
16906,있는건
16908,아쉬웠었지만
16910,없긴
16911,없구요
16912,익숙한
16914,아쉽습니다
16916,즐거웠네요
16917,재미있는건
16919,그랬는지
16922,훌륭한
16923,재미있고
16924,새로운
16925,가까운
16926,생생한
16928,출중한
16930,넘치는
16931,즐거운
16932,재밌었어요
16934,멋진
16935,재밌고
16936,유쾌했어요
16937,멋지고
16938,대단했어요
16939,더해가는
16940,섹시한
16943,어때용
16945,즐겁습니다
16948,행복하다
16949,귀여워야하는데
16950,귀여워요
16951,아쉽네요
16952,재밌었어요
16953,여리하면서도
16954,청아한
16955,힘찬
16956,슬픈
16957,아쉬웠어요
16958,재미있게
16959,재밌었어요
16960,대단하다
16961,든든히
16963,좋다
16965,화려하고
16967,좋게
16968,재미있어요
16971,좋다
16973,괜찮았다
16974,신나게
16976,야하고
16977,있겠다는
16979,부드러운
16980,더한
16981,섹시한
16983,정확한
16985,즐거운
16990,신기하고
16991,자세히
16994,아름다운
16995,깊었다
16996,적절하게
16998,신선한
16999,깊었다
17002,있었다는
17005,없었는데
17006,섹시한
17007,담백함과
17008,아름다운
17010,정확하지
17012,스러웠다
17014,있었을
17019,많았지만
17020,행복했었을까
17022,행복하게
17023,진지한
17027,확고한
17028,부러웠다
17029,멋진
17030,멋진
17033,멋진
17038,필요했다
17039,즐거워
17042,즐거웠다
17044,행복한
17048,행복한
17049,필요할까
17051,재밌는
17053,아쉬웠습니다
17054,스럽고
17055,섹시한
17056,좋았구
17057,이쁘고
17058,즐거웠어요
17060,넓지
17061,만족했습니다
17062,기대하며
17063,노련함과
17064,신선함이
17065,있었답니다
17066,작은거는
17067,아쉬웠습니다
17068,재미있었고
17070,신났어요
17071,멋있었어요
17072,멋지게
17073,좋았구요
17077,아쉬웠습니다
17078,즐겁고
17079,유쾌했습니다
17080,섹시해
17082,예뻐요
17083,아름다운
17084,아름다워서
17087,좋다하더라도
17089,어색해져
17091,분명하나
17092,아쉬운
17093,있긴
17094,좋겠습니다
17095,멋지네요
17096,안되는게
17097,아쉬웠어요
17098,필요없다
17099,즐겁고
17100,유쾌하게
17101,넘치는
17103,훌륭하구요
17105,대단히
17106,훌륭한건
17108,좋으니까
17109,멋진
17110,즐겁게
17111,지루하지
17113,즐거운
17114,휼륭했고
17115,좋았던
17116,엄청난
17117,대단하다고
17118,멋진
17120,즐거운
17121,없던
17122,재미있게
17123,좋았구요
17124,멋졌습니다
17125,노련한
17126,멋있었구요
17128,다른데
17129,즐겁고
17130,재밌었다
17133,저렴한
17135,색다른
17138,힘들었던
17139,멋진
17140,아니죠
17141,재미있는
17142,재밌네요
17143,못지않게
17144,즐거운
17145,훌륭하신
17151,있었던것
17155,만족스러운
17157,섹시한
17159,유명하다는건
17160,유명한
17161,화려한
17162,섹시한
17163,신기하게
17169,강하게
17170,비싼
17171,스러
17173,있었으마
17174,반했습니다
17175,신나는
17177,흥겨운
17178,신기하고
17179,재미있는
17180,재미있었어요
17181,재미있었어요
17182,멋졌습니다
17183,더라구요
17184,불편함을
17185,안되는
17188,좋았다는
17190,재밌었어요
17191,넓게
17194,아쉬웠던건
17196,아쉬운거
17197,재밌고
17199,재밌어요
17200,작아서
17201,훌륭하지만
17203,끝내주더라구요
17204,역은
17205,재미있게
17207,재미있고
17209,까말까
17210,기대하고
17211,아쉽고
17212,야하는
17214,감미로운
17215,멋있고
17216,아름다운
17217,신나는
17218,노라운
17219,만족합니다
17220,신나게
17221,아닌지
17224,멋진
17227,기대하기
17229,멋지네요
17230,즐겁게
17231,완벽하게
17233,재밌었습니다
17234,완벽하다
17237,멋있었어요
17240,재미있었다고
17241,좋아하시네요
17242,경쾌한
17243,즐겁게
17244,탁월한
17245,추한
17246,남달랐던
17247,멋진
17248,흥미로운
17250,유쾌하고
17251,재밌었고요
17252,유명하셔서
17253,멋있으
17257,신나는
17259,씁쓸했는데
17262,좋게
17264,높아서
17266,신나고
17267,재미있어요
17268,가녀린
17269,멋졌어요
17270,안타까
17271,화려하지만
17272,그랬습니다
17273,가볍게
17276,탁월했습니다
17277,간략하게
17279,괜찮았어요
17281,비싸고
17283,생생하다
17285,없었으며
17286,탄탄한
17289,신난
17290,유명한
17291,너무한
17292,어렵긴
17293,후회되지는
17294,유명한
17296,즐거운
17297,아쉬운게
17299,아쉬웠다
17301,완벽한
17302,재밌는
17304,재미있는
17305,신났습니다
17306,많았구요
17308,신났습니다
17309,많았구요
17314,유명한
17317,멋있었고
17318,화려하고
17319,즐거운
17320,화끈하고
17321,즐거운
17322,재밌어요
17327,재밌는
17328,끝내주는
17329,섹시하게
17332,멋졌어요
17333,즐겁게
17335,섹시한
17336,깊었습니다
17337,멋지네요
17338,조은
17339,없더라고요
17341,비싼
17342,아니라고
17343,재미있다는
17344,직히
17345,좋지만은
17346,멀고
17347,높아서
17348,재미있게
17349,아쉬운건
17351,야했고
17353,아쉬울
17355,그렇고
17356,멀다고하
17357,똑같은
17360,이쁘더군요
17362,아니시라면
17363,좋을듯
17364,신나고
17365,유쾌하고
17366,재미있었습니다
17367,멋졌어요
17368,딱히
17370,멋지게
17371,재밌어요
17373,재밌는
17375,재미없는
17377,신나고
17378,재밌어요
17379,멋있네요
17382,화려하고
17383,멋진
17384,재미있어요
17385,재미있었어용
17387,좋지만
17388,저렴한
17389,좋아하셔서
17390,좋았구요
17391,재밌었어요
17392,대단했습니다
17393,색달랐구요
17396,좋지
17398,약했네요
17402,멋진
17403,신나는
17407,화려한
17410,지루할
17411,완벽한
17412,영원히
17414,필요없다
17415,반가웠고
17416,화려한
17418,즐겁게
17420,화려한
17421,멍한
17422,유일한
17424,아쉬운
17425,황홀해진다
17426,여전한
17428,무겁게
17429,섹시하고
17430,섹시하다
17431,무거운
17432,무겁지
17435,빠른
17436,슬픈
17437,아닌데
17438,벅차오르는게
17439,팍팍한
17441,행복해서였는지
17444,좋겠습니다
17445,유명한
17446,멋있고
17447,잘맞는다고
17448,발랄하기다하며
17451,많았던
17452,흥미로운
17453,상당했고
17454,다양한
17455,높았을것이라
17456,멋지셨습니다
17457,모호한
17458,있었던것
17460,괜찮았어요
17463,괜찮을까
17466,멋진
17467,대단했어요
17468,원하던
17469,필요없는
17470,아름다운
17471,저렴하게
17473,좋겠네요
17474,멋져요
17475,없을만큼
17476,발랄하시고
17477,넘쳤어요
17478,멋진
17480,화려한
17482,있답니다
17484,멋졌습니다
17485,멋진
17486,근사한
17487,없었는데
17488,설레고
17490,뿌듯함까지
17493,즐거운
17495,멋있고
17496,당했던
17500,미쳤다
17502,잔잔하게
17504,멋있고
17505,화려한
17506,멍한
17507,유일한
17509,아쉬운
17510,뒤늦게
17514,멋져요
17515,멋진
17516,즐거웠습니다
17520,탁월한
17521,멋지다고
17522,멋진
17524,활발한
17525,화해서리
17529,멋진
17530,대단해요
17531,멋지십니다
17533,멋진
17534,재미있는
17537,아쉬울
17538,드물게
17540,신기했다
17541,멋있었습니다
17542,멋있고
17543,즐거운
17545,세련되고
17546,멋진
17548,재밌었어요
17549,재밌었어요
17550,아쉽네요
17551,좋지만
17552,좋지만
17553,좋지만
17554,좋지만
17555,좋지만
17556,좋지만
17557,좋지만
17558,좋지만
17559,좋지만
17560,좋지만
17561,좋지만
17562,좋지만
17563,좋지만
17564,좋지만
17565,좋지만
17566,좋지만
17567,좋지만
17568,좋지만
17569,좋지만
17570,솔직한
17573,행복했다
17574,좋았다고
17576,재미있었습니다
17577,대단했고
17580,궁금해서
17581,궁금해서
17582,빠른
17583,완벽해서
17585,아쉬운데
17588,비슷해서
17591,유쾌하게
17592,어떨까
17594,후회될
17595,즐겁게
17596,어떨까
17597,궁금해서
17598,다행히
17599,있었네요
17602,아쉬웠어요
17603,즐겁게
17604,좋겠네요
17605,가까운
17606,깊고
17607,즐거웠다
17608,가까운
17614,궁금하다
17617,좋앗어요
17619,기대한다면
17620,섹시한
17621,있군요
17622,좋아하는
17623,급하게
17624,멋졌어요
17626,많던데
17627,같던데
17628,친절하면서도
17629,나쁘게
17630,아쉽긴
17632,역시나였고
17633,좋아하셨어요
17635,재밌었어요
17637,즐거운
17641,여전한
17642,즐겁게
17643,아니나
17644,나쁘지
17645,같다는
17646,많으셨습니다
17648,진정한
17649,열렬한
17650,속상한
17651,소중한
17653,재미있게
17654,만족스런
17655,흥겨운
17657,재미있게
17659,신기하고
17660,신났던
17662,작아서
17663,특별한
17664,없어도
17666,재밌었는데
17667,재미있었어요
17668,섹시하셨어요
17669,멋지네요
17670,유쾌한
17672,스러
17674,더했을
17677,친한
17679,가깝게
17681,재미있게
17682,아담해서
17683,스러웠지만
17684,즐거운
17687,귀여웠고
17688,좋았던
17691,즐겁게
17693,재미있어요
17699,많지
17701,있었다는
17702,즐거운
17703,재밌었습니다
17704,즐겁게
17706,날카로우면서도
17707,나쁘지
17709,더해
17710,멋진
17711,있었다는게
17712,고맙고
17713,고맙습니다
17714,있을게요
17717,없으니
17718,완전히
17720,상관없이
17721,있거든요
17724,벅차져서
17726,좋더라고요
17728,행복했습니다
17729,멋지고
17730,재밌었어요
17731,더해져
17732,불가능한
17733,성하게
17737,힘들
17738,훌륭한
17739,화려한
17741,넘치는
17742,멋있었어요
17743,예쁘고
17744,재미있었고요
17745,기대했었는데
17746,힘드신
17747,어땠을까
17750,유명한
17751,있더라구요
17752,재밌었어요
17753,멋있고
17755,작아서
17756,멋집니다
17758,있을지
17761,재미있게
17762,아쉬운게
17763,있었다면
17764,있었을
17766,재미있고
17767,화려하고
17770,넘쳐서
17771,가볍게
17772,괜찮아요
17773,있으나
17774,비싼
17776,강렬한
17777,바쁘고
17778,바쁜
17781,그래요
17782,괜찮아
17783,멋있잖아
17784,즐겁잖아
17786,재미있습니다
17788,화려한
17789,심심하지
17791,좋아하고
17796,안일한
17798,많았어서
17799,죄송합니다
17800,재밌었어요
17801,없었어도
17802,없었을
17803,좋아해서
17804,재밌었어요
17805,재밌지
17806,없더라고요
17807,있더라구요
17811,궁금했습니다
17812,없을만큼
17813,즐거운
17814,좋으시고
17815,좋으셔서
17821,즐거운
17822,짜릿했어요
17825,필요없다
17826,만족한
17832,지루하지
17833,실망했어요
17874,아쉬운
17876,무더운
17878,행복했습니다
17879,멋진
17880,멋진
17885,약하지만
17886,약하지
17887,심하지만
17889,고맙다고
17890,재미있었어요
17892,시원시원한
17893,화려한
17894,아니에요
17895,더웠지만
17899,멋진
17900,화려하면서도
17901,신나는
17904,신났습니다
17905,추했어요
17907,많으시고
17908,멋있으십니다
17910,좋아하는데
17911,가능한
17912,좋앗다
17917,완벽했습니다
17918,재미있었습니다
17922,약하지만
17923,약하지
17924,심하지만
17926,노련하고
17927,유명한
17928,엉뚱하게
17929,색다른
17930,신나는
17932,아쉽네요
17933,재미있어요
17934,멋있어요
17936,멋있어요
17937,자연스런
17939,이상하게
17940,가까운
17942,아닌지
17943,재미있는
17945,지루하고
17948,있겠죠
17949,재미있었지만
17950,새로운
17951,좋겠습니다
17952,유명한
17953,좋다
17954,좋다
17955,유명한
17956,아름답고
17957,좋다
17959,섹시한
17960,화려하게
17961,넘친
17962,풍부한
17964,재밌었어요
17965,멋있어
17966,재밌는
17967,즐거운
17968,작아서
17970,같은데서
17971,아쉽긴
17972,원하던
17973,아니라서
17975,사랑스러워요
17976,즐겁고
17978,안되는
17980,즐겁게
17982,멋졌습니다
17983,귀엽고
17984,멋졌습니다
17985,재미있고
17987,아쉬운
17988,즐거운
17989,탁월했고요
17990,빼어났던
17991,원하는
17993,멋진
17994,즐겁게
17998,소중히
17999,더운
18000,어렵게
18002,어떨까
18005,더웠다
18010,없는게
18011,아쉽지만
18013,있었는지
18015,화려한
18016,즐거웠습니다
18019,있었고
18020,흥미롭게
18022,훌륭했어요
18023,좋아해서
18024,기대하고
18025,재미있는
18026,아쉽긴
18027,재미있었어요
18028,좋았어
18030,슬퍼서
18031,대단하십니다
18032,아쉬웠던
18034,좋았지만
18035,필요할것
18039,단조롭습니다
18040,화려하다는
18041,아닙니다
18044,중요했고
18045,높았습니다
18046,만족하며
18047,아니어도
18050,어떨지
18051,무안할
18052,나쁘진
18053,새로운
18054,재밌는
18055,충실한
18056,훌륭한
18057,있었음에도
18059,즐거운
18060,끈적끈적함과
18061,섹시함이
18062,화려한
18063,선명하게
18065,흡사해
18066,있었겠지만
18067,풍부한
18068,새로운
18070,멋진
18071,멋진
18073,경쾌한
18074,멋졌어요
18075,필요없이
18076,대단하시네요
18077,신나게
18078,넘치게
18079,조아요
18080,작네요
18081,재밌었어요
18082,즐겁게
18085,가득한
18087,흠잡을데
18088,재밌습니다
18089,신나는
18091,흡족한
18092,당당한
18093,대단했고
18096,좋게
18098,저렴하게
18100,불편했으나
18102,맛깔나게
18103,놀라웠고
18106,시원한
18107,충분했습니다
18109,안좋다고
18111,반했습니다
18112,아펐지만
18113,더운
18114,시원했고
18115,재미있었다
18116,좋았으나
18117,덜하다고
18119,신나게
18121,더운
18122,추한다
18124,비슷해서
18126,즐거웠다
18127,화려하고
18128,화려해요
18129,무거운
18130,무겁지
18131,날카롭고
18134,편안하고
18135,자연스러웠고
18136,흥겨
18137,실망하지
18138,화려한
18141,기대하고
18143,유명하고
18144,더우고
18145,행복하게
18146,재밌었어요
18148,있었고
18149,더운
18151,아쉬웠습니다
18152,충분히
18155,있는거라
18156,새로운
18157,아니네요
18158,신나게
18160,화려한
18161,멋진
18162,화려하고
18163,많네
18164,즐겁고
18165,완벽하였고
18166,높아서
18168,좋앗습니다
18169,즐거
18170,독특한
18171,진정한
18173,비슷한
18175,좋았으며
18178,기대하지
18179,대단하다고
18180,재미있게
18181,괜찮았어요
18182,같은게
18184,재미있게
18186,즐겁게
18188,즐겁고
18189,신나는
18191,멋있는
18192,더운
18193,힘들게
18194,더운
18195,좋아하시는지라
18196,부패한
18198,적당히
18199,용하는
18200,평범한
18201,넘치지만
18202,쿨하게
18203,그래놓고
18204,착한
18205,멍청한
18206,없다지만
18207,가능할지도
18208,미안함이라고는
18210,작다
18211,작다는
18212,화려한
18213,없다는
18214,대단한
18219,명백히
18220,찰져
18222,넓은
18223,있었다면
18224,좁은
18225,영리하게
18227,분노했던
18228,있었으니
18230,좋은데
18234,좋았으나
18235,강력한
18236,넘치는
18239,당할지
18240,그러려니
18241,똑같은
18242,아니어도
18243,별다른
18245,약했다
18247,딱히
18251,무력하게
18253,있었으려나
18256,없었는데
18259,탄탄한
18264,흥겨운
18265,즐거운
18266,완벽한
18268,화려한
18269,멋져요
18271,실망했습니다
18274,화려함도
18276,버거워
18280,그러하다
18281,유리하게만
18283,즐거웠으며
18284,필요없는
18285,새로운
18286,행복했습니다
18288,기대했던것
18289,재미있었던
18293,자세한건
18295,좋을것
18297,좋았던
18299,강하신
18301,힘들었어요
18303,작았지만
18304,즐거웠습니다
18305,앙큼하고
18307,반했습니다
18308,더웠던
18309,쾌적한
18312,신선했다
18313,변한
18314,섬세한
18319,많으셨습니다
18321,좁더라구요
18323,재밌었어요
18324,어렵게만
18325,편히
18329,작아서
18333,재밌는데
18339,멋있는
18344,실망하셨더라구요
18345,사랑스러운
18346,만족합니다
18347,시원시원하니
18351,중요하게
18352,아까우실지도
18354,화려한
18355,행복해요
18357,화려한
18358,화려했지만
18359,즐거웠습니다
18361,완벽했고
18362,깊었습니다
18363,똑같은
18364,안됬는데
18365,같았는데
18366,행복했습니다
18368,완벽해요
18373,강하게
18375,무거운
18378,그리워하는
18379,있듯이
18380,그러한
18381,무거운
18382,흥미로운
18383,있기
18384,위대하다고
18390,아니에요
18391,그러세요
18392,있을지도
18393,좋다고
18394,타락한
18395,무거운
18397,깊은
18398,있을지는
18399,그러한
18400,높지
18402,편하게
18406,그러한
18409,그랬지만
18410,재미있는
18412,멋진
18414,그런거
18415,재미있는
18416,재미있었습니다
18417,멋지셨습니다
18419,멋있고
18420,사랑스러워요
18421,아쉽네요
18423,재밌었다고
18425,뿌듯하네요
18426,아쉬워요
18427,재미있었어요
18428,좋았지만
18429,매끄럽게
18431,다양한
18432,시원합니다
18433,멋짐
18434,화려한
18435,멋있고
18438,좋았는데
18439,있었고요
18440,불편했습니다
18441,아닌것
18443,미치지
18444,좋아해서
18445,멋졌습니다
18448,어떨까
18449,좋지는
18451,옅었습니다
18452,또렷하게
18455,가볍게
18456,나쁘지
18457,재밌어
18458,좋다
18464,좋아하는
18465,즐거웠어요
18466,멋진
18467,즐거운
18470,재미있었어요
18471,지루할
18473,재미있었습니다
18477,재밌어요
18478,단순해
18479,섹시한
18481,훌륭해서
18482,재밌는
18483,만족스러운
18484,자리였습니다
18485,좋으셔서
18486,재미있게
18488,아쉽
18489,중요하고
18491,재밌었어요
18493,노련했어요
18499,시원한
18500,아니어서
18501,그랬던
18503,없잖아요
18507,즐거운
18508,상당히
18510,멋진
18515,좋았고요
18516,아쉽게도
18517,아니었지만
18521,만족합니다
18523,멋지십니다
18524,즐거웠어요
18527,좋구
18528,같아도
18529,아쉬웠지만
18530,신납니다
18531,화려한
18532,멋진
18533,색다른
18535,벅차오르고
18536,비싼만큼
18540,맛깔나는
18541,즐겁게
18542,신나는
18543,즐거운
18547,흥미롭게
18548,기대했는데
18549,역시나였고
18551,만족하고
18553,즐거웠습니다
18554,즐거웠어요
18555,즐거운
18556,유쾌해서
18557,즐거웠어요
18558,즐겁게
18559,유쾌한
18560,실망했어요
18561,멋있고
18562,사랑스럽네요
18563,즐거웠습니다
18564,부테
18566,지루한
18567,없진
18568,빨라지고
18569,재미있는
18570,재미있어졌습니다
18571,멋있었어요
18573,좋아하지
18574,민망해
18575,많긴하네요
18576,그렇습니다
18578,넘치시던데요
18581,섹시하고
18582,신나고
18583,즐거웠
18585,놀래고
18586,놀래고
18587,재미있는
18588,넘치는
18589,훌륭한
18590,훌륭했습니다
18594,좋아하지만
18595,필요없는
18597,훌륭했고
18599,힘들었습니다
18601,없구요
18603,지루하지
18604,멋졌습니다
18605,완벽함
18606,즐거운
18607,멋졌습니다
18609,즐겁게
18611,재미있는
18612,멋진
18613,행복했습니다
18614,아쉬워요
18615,행복했습니다
18617,멋지
18619,추해요
18620,아쉬워요
18623,즐거운
18624,즐거운
18627,멋진
18630,멋졌고
18631,재밌는
18632,필요없다
18633,멋집니다
18635,괜찮았어요
18637,신선했던것
18639,아쉽
18641,아닌것
18643,멋져요
18645,화려하고
18646,멋진
18647,화려하고
18648,멋진
18652,스럽고
18653,장난스런
18656,재미있게
18657,아쉬운
18658,아쉬웠고
18659,어색한
18660,괜찮다고
18661,멋진
18664,화려해요
18665,노련한
18668,즐거운
18670,없었네요
18671,고픈
18674,좋았음
18675,완벽하게
18676,화려하게
18678,화려한
18680,화려했다
18682,유명하다고
18688,이쁘고
18689,넘치는
18690,완벽하게
18692,같앗음
18695,비슷한
18697,깊었습니다
18699,재미있게
18700,멋지고
18701,화려한
18702,즐겁게
18703,씬나
18704,씬나요
18705,아쉽지만
18706,신나는
18708,재미있게
18709,아파도
18710,즐거운
18713,즐겁고
18714,행복한
18715,멋진
18717,활기차고
18718,덥고
18719,나른한
18720,즐거운
18721,색다른
18722,완벽했습니다
18723,충분했고
18725,신나고
18730,없는지
18732,빠른
18735,아니기에
18736,넘치는
18738,좋았지만
18741,미까지
18742,더운
18743,화끈하고
18744,시원한
18746,행복했네요
18748,부족해서
18750,아쉽습니다
18752,재밌어요
18753,좋아해서
18754,궁금해서
18755,화려해서
18756,피곤할
18759,아니었네요
18762,재미있게
18763,새로웠어요
18765,귀엽고
18774,좋아하지
18775,재밌었어요
18776,무더운
18778,화려한
18779,멍한
18780,유일한
18782,아쉬운
18784,기대했던
18786,화려한
18789,유명한
18791,훌륭했습니다
18792,좋아하는
18794,있는데요
18795,즐거운
18799,재미있었어요
18802,없었네요
18803,넘치는
18804,아니었는데
18805,다르네요
18806,좋아하는
18808,행복했습니다
18809,섬세함을
18810,같진
18811,기대한만큼
18813,궁금하긴하나
18815,그런건
18817,좋아했습니다
18818,그런게
18820,지루하더군요
18821,있는건
18822,단순히
18823,아니라고
18825,기대했었는데
18827,비슷한
18829,스러웠습니다
18830,재미있고
18831,만족스러웠습니다
18833,지루했다
18836,좋은데
18837,멀게
18840,화려함도
18843,단조롭습니다
18845,많았구요
18846,탄탄하지
18847,특별히
18849,빈약하다는
18851,동일합니다
18852,멋진
18853,미치지
18854,행복한
18858,좁았음
18859,특별한
18863,재밌고
18865,덥네요
18866,더워서
18867,필요했습니다
18869,신선했어요
18871,필요하신
18874,힘들지만
18876,멋진
18877,없게
18879,급하게
18881,멀게
18883,멋진
18886,계셔서
18887,좋았구요
18888,멋있었어요
18889,멋있어서
18890,바빴습니다
18891,그랬나
18892,사랑스러웠어요
18894,경쾌하고
18895,멋있었구요
18896,아쉬운건
18897,그랬어요
18898,까말까
18900,이쁘고
18901,섹시하고
18902,멋있고
18903,훌륭한
18904,유익한
18906,재밌었습니다
18907,재미있었어요
18909,탄탄하고
18910,재미있었어요
18912,어떨
18913,없었네요
18914,많았어요
18915,화려한
18916,충분했지만
18917,아쉬웠네요
18919,아쉽네요
18920,멋지고
18921,있더라구요
18922,훌륭했고
18923,적절한
18924,지루하지
18926,추할만
18927,즐거운
18928,설레서
18929,깊었습니다
18931,계시다면
18932,커다란
18933,날카로운
18934,화려했고
18935,뛰어나서
18936,재밌었다고
18938,안좋으셨지만
18940,섬세하고
18942,이래로
18946,즐거운
18950,재밌고
18953,재밌네요
18954,신나네요
18955,원하던
18958,재미있
18959,만족해
18960,힘들겠어요
18961,다르지
18962,엄청나게
18963,야합니다
18964,어마어마하십니다
18965,좋았구요
18966,좋았구요
18967,스러웠습니다
18968,멋있다는
18969,재밌어요
18971,멋진
18972,당했어요
18973,대단하십니다
18974,기대하고
18976,끈적끈적한
18977,신나고
18979,귀여웠고요
18982,깊었네요
18984,훌륭한
18985,좋았으나
18987,아쉬운
18991,훌륭한
18992,같다는
18993,아쉬워요
18994,행복한
18995,재미있게
18996,없었지만
18999,아쉽다는
19001,어떨지
19002,궁금했는데
19004,정확한
19005,아쉬웠어요
19006,즐거웠습니다
19007,재미있는
19010,귀여운
19012,멋진
19015,화려한
19016,만족스러웠습니다
19017,선명하게
19018,아쉬웠습니다
19019,신나는
19021,즐겁고
19022,신나는
19023,훌륭한
19024,화려한
19025,즐겁게
19026,재미있게
19027,아까웠어요
19028,아까
19030,궁금했는데
19033,즐거웠던
19034,멋진
19038,유명한
19039,유명한건
19040,유명한게
19041,아니더라고요
19042,섹시하고
19043,귀엽기까지
19044,멋집니다
19046,아까웠습니다
19047,행복합니다
19048,시끄러워요
19049,좋았지만
19050,좋았음
19051,같음
19053,같음
19055,변하지
19059,가능할것도
19062,나쁜거지만
19064,밉도록
19065,사랑스러운
19068,좋지
19069,안되고
19070,재밌었어요
19071,재밌었을까요
19073,재미있었어요
19074,만족해
19075,흡족하고
19076,행복한
19079,가까운
19080,같지
19081,완벽하게
19082,섹시함이
19083,능글맞는
19085,좋어
19089,멋졌어요
19091,유쾌하고
19092,재밌었습니다
19093,멋있었어요
19094,더운
19095,화끈한
19096,또렷하지
19099,불쾌했어요
19100,급한
19103,아쉬워서
19104,좋아하시네요
19105,귀여웠어요
19109,즐겁고
19110,신나는
19111,유명합니다
19113,같았고
19114,좋게
19115,또렷하지
19117,그랬네요
19118,좋아해서
19119,화끈한
19120,아니었습니다
19122,좋을
19123,같다는
19124,그랬습니다
19126,비싸게
19127,유쾌하고
19128,재미있었어요
19129,엄청난
19130,유머러스한
19132,사랑스러
19133,사랑스럽다
19134,단순함이
19135,아쉽긴
19136,단순함
19137,노련함
19138,나쁘지
19139,유연하지
19140,이럴줄이야
19141,멀게
19142,그러다
19143,생생하게
19144,부담스러웠지만
19146,필요한
19149,있으며
19150,흔한
19151,그랬을
19152,뚜렷하게
19153,뿐이라며
19154,아름답게만
19155,충실한
19156,변해
19158,많다
19159,단조로워서
19160,심각한
19161,정당한
19162,억지스러운
19164,놀라웠고
19165,신선한
19166,가벼운
19167,나쁘지
19168,아쉬워서
19170,아쉬운
19171,경쾌한
19172,다양한
19173,즐거웠다
19174,독특한
19175,즐거웠다
19179,즐겁게
19181,좋아하는
19182,멋진
19185,넘쳤습니다
19187,색다른
19188,가득했습니다
19189,가득하게
19192,즐거운
19194,재미있었습니다
19196,화려했었습니다
19197,다르더라구요
19198,새롭더라구요
19199,화려한
19201,화려함이
19202,신선했습니다
19208,아쉬운
19210,신선했습니다
19212,노련함과
19213,능숙함이
19214,재밌더라구요
19216,있다라고
19219,굉장하다고
19220,궁금한
19222,궁금하네요
19223,궁금해요
19224,아니거든요
19226,재밌는
19227,계시다면
19228,부탁드려요
19230,상당히
19235,작다고
19236,독특하고
19237,재밌었어요
19238,멋있어요
19244,귀엽고
19245,사랑스러운
19247,딱딱하시다는
19250,신나고
19251,넘쳤습니다
19252,멋지셨고
19253,맛깔나는
19254,멋있었습니다
19255,충분히
19256,무더운
19257,굉장한
19263,기대했는데
19264,섹시하고
19265,멋졌어요
19267,섹시하고
19268,유연하면서
19270,흥미롭게
19271,슬펐습니다
19272,재미있고
19273,멋진
19274,재밌있고
19275,멋진
19276,안되는
19277,스럽고
19279,멋졌어요
19280,궁금합니다
19282,아프긴
19283,가까워서
19285,높았구요
19287,아니었습니다
19288,멋있었어요
19290,좋아하고
19291,즐겁게
19293,좋아하는
19297,좋아하는
19300,아쉽지
19301,완벽했어요
19303,놀라웠다
19304,그만한
19307,많았다
19308,흥겨
19309,넘치는
19310,탄탄한
19313,무리해서
19314,어색했었는데
19315,멋진
19317,없더라구요
19318,가득한
19319,유명한
19320,유명한
19321,많다는것
19322,계신
19323,미안했다
19325,비싼
19326,없었지만
19329,넘쳤다
19331,멋지고
19333,아니였나싶다
19334,아쉬웠는데
19336,여려
19338,뿌듯했다
19339,얄밉
19341,이럴
19342,안쓰러워서
19343,슬프다
19344,안쓰럽다
19345,안쓰럽게
19348,있을수있으니
19349,안되겠지만
19350,화려하고
19351,무거운
19353,즐거운
19354,유쾌한
19355,있었던것
19357,좋았어
19358,화려한
19363,즐겁
19364,즐겁
19365,좋았음
19366,좋음
19367,진정한
19368,멋져
19370,좋음
19371,신나고
19372,아니어도
19374,자세히
19376,신나는
19377,멋진
19378,재미있게
19379,즐거웠습니다
19380,멋있었어요
19381,기대하고
19382,환했네요
19385,재미있어요
19386,꾸준한
19387,있죠
19388,유쾌하고
19389,멋있었어요
19393,좁은
19394,아쉬웠지만
19395,넘치는
19396,즐거운
19397,야하고
19398,신나고
19401,화려한
19402,화려한
19403,재미있을
19404,가까워서
19405,자리였습니다
19406,입니다아
19407,화려하지
19408,화려해
19409,있다는게
19410,신기해요
19411,멋있었어요
19412,유명한지
19415,신나고
19416,재미있었어요
19417,멋진
19418,당당한
19419,멋집니다
19421,같지
19422,있었던것도
19423,신선했어요
19426,좋아했던
19428,충분했던
19429,허전한
19430,익숙했던
19431,아니더라도
19432,유명하신
19433,아닐테구요
19434,어떡하지
19436,기대하던
19437,설레는
19438,멋졌어요
19439,반했구요
19442,차분하셔서
19443,아쉬웠지만
19447,좋았지만
19448,자연스러운
19449,멋진
19451,놀랬어요
19454,멋졌습니다
19455,부족하신듯
19456,멋지십니다
19458,시원한
19459,좋은데
19460,시원했어요
19461,좋을
19462,유쾌하고
19463,넘치는
19464,있어도
19465,힘들다
19466,멋졌습니다
19467,약해서
19469,화려한
19471,멋졌어요
19472,적당하고
19473,적당하고
19474,재미있고
19475,아쉬울
19476,즐거웠습니다
19477,필요없죠
19479,좋음
19482,화려하고
19483,재밌었어요
19485,자연스러운
19486,편안한
19488,멋있었어요
19491,만족했었거든요
19492,새롭더군요
19493,멋집니다
19494,섹시한
19497,만족한
19498,좋아하는
19499,지루할
19502,유명한
19504,재미있게
19505,더운
19507,멋진
19508,멋졌던
19510,멋져요
19511,예뻐요
19512,반했습니다
19515,화려한
19516,특별했다
19517,놀라운
19518,아쉽게
19519,멋진
19520,반하게
19521,가깝든
19522,멀든
19523,당연하다
19525,좋아하고
19526,섹시하고
19527,다를
19529,즐거워
19530,신나는
19532,즐거운
19533,신나는
19534,시원한
19537,완벽했습니다
19538,지루한
19541,즐겁게
19542,멋진
19545,설레는
19546,재밌네요
19548,멋진
19549,바빴어요
19550,더운
19552,재밌어하시더라구요
19554,재밌어요
19555,놀라운
19556,그만한
19560,반하고
19561,고셨고
19562,아니세요
19565,멋집니다
19566,화려하고
19567,즐거운
19572,엄청난
19573,신났고
19574,재미있어요
19576,섹시하고
19577,놀라웠지만
19579,곰곰히
19580,완벽했습니다
19581,급한
19582,당함
19583,명확한
19585,명확하고
19586,정확한
19588,같음
19589,대단하더라구요
19590,있었다는
19591,섹시하고
19592,멋진
19593,화려하면서도
19594,경쾌하고
19595,섹시한
19598,새로운
19599,리드미컬한
19600,멋진
19601,멋진
19602,시원하게
19605,가벼운
19606,즐겁게
19610,궁금했습니다
19613,궁금했습니다
19614,선했습니다
19615,나란히
19617,대등할
19618,대단했던
19620,부단한
19621,나란히
19623,부단히
19625,벅차올랐습니다
19626,많으셨습니다
19627,대단한
19629,멋지지만
19630,아닐만큼
19632,있다는것
19633,신선했고
19635,은은하게
19636,들뜨고
19637,즐거웠는데
19638,반했는데
19639,멋진
19640,흥겨운
19641,어느덧
19642,지루할
19645,많으시고
19647,무더운
19648,화려한
19649,행복했습니다
19651,좋았으면
19653,유쾌하고
19654,신나는
19655,재미있었어요
19658,화려하며
19659,섹시한
19660,신나고
19661,즐겁고
19662,행복한
19663,화려한
19665,많은지
19667,재밌었어요
19668,만족하시는
19670,특별한
19671,강렬한
19672,화려하고
19673,강렬한
19674,원하시는
19675,유쾌했던
19676,즐겁고
19677,행복했습니다
19680,없는거긴
19682,좋았어용
19683,많아야
19684,재미있는
19685,없이도
19686,재미있는
19687,있구나
19688,재미있게
19689,아쉽더라고요
19690,시원하지
19691,어떠려나
19692,궁금했는데
19693,좋았어용
19694,활기차고
19695,신나는
19697,유쾌하고
19698,재밌네요
19699,경쾌하면서
19700,화려한
19702,독특했고
19703,독특했다
19704,아쉬웠고
19705,귀여워요
19707,색달랐답니다
19708,같구
19710,아쉬워요
19711,새롭지만
19712,나쁘지는
19714,재밌었어요
19715,즐거운
19718,멋있어요
19719,기대하고
19720,실망하면
19721,훌륭한
19722,깔끔한
19723,열광하는
19725,섹시할수가
19727,사랑스러운
19731,야한다고
19732,어렵지만
19733,즐거웠다
19734,조화로운
19739,즐거운
19742,확실하다
19743,가득한
19746,강렬한
19750,없었는데
19751,좋아하시면
19753,미안하네요
19754,즐거운
19755,더운
19756,화려하고
19757,신나는
19758,멋지고
19759,황홀했던
19760,길면
19761,좋겠는데
19764,하찮은
19765,추워요
19766,화려한만큼
19767,즐겁고
19768,재밌는
19770,재밌었어요
19771,자리더라구요
19772,멋지고
19773,멋져요
19775,불편했어요
19776,있는줄
19777,짧은
19779,약하다고
19780,화려해서
19781,기대했는데
19782,현란하면서도
19783,묵직한
19784,답답해
19785,멋있고
19786,있겠어요
19787,신중하게
19788,좋앗습니다
19790,능숙한
19792,멋졌습니다
19793,지루하지
19794,충실한
19796,생생하게
19798,아프죠
19799,귀엽고
19800,멋지고
19801,완벽했어요
19805,좋았구요
19807,지루할
19808,없었네요
19809,안좋았습니다
19810,아니까
19811,어떨지요
19812,비싸게
19813,좋아하는
19814,기대한만큼
19816,대단한
19817,멋져서
19818,아쉬웠어요
19819,그렇고
19820,좋아여
19824,좁게
19826,안된
19827,아쉬웠습니다
19829,지루해질
19832,두근거리고
19833,설렘도
19835,즐거운
19842,사랑스런
19843,유쾌한
19844,뜨거운
19846,멋진
19847,재밌어요
19848,훌륭했습니다
19849,확실하다고
19850,그러하였구요
19852,기대하고
19855,만족한
19857,혼잡한
19858,아쉬웠어요
19859,몰상식한
19860,재밌어요
19861,대단한
19864,자연스러워
19869,즐겁게
19870,좋구
19872,유쾌하게
19873,행복해요
19874,유명한
19875,멋있고
19876,잘맞는다고
19877,발랄하기다하며
19880,많았던
19881,흥미로운
19882,상당했고
19883,다양한
19884,높았을것이라
19885,멋지셨습니다
19886,모호한
19887,있었던것
19889,유명한
19890,멋있고
19891,잘맞는다고
19892,발랄하기다하며
19895,많았던
19896,흥미로운
19897,상당했고
19898,다양한
19899,높았을것이라
19900,멋지셨습니다
19901,모호한
19902,있었던것
19904,유명한
19905,멋있고
19906,잘맞는다고
19907,발랄하기다하며
19910,많았던
19911,흥미로운
19912,상당했고
19913,다양한
19914,높았을것이라
19915,멋지셨습니다
19916,모호한
19917,있었던것
19919,유명한
19920,멋있고
19921,잘맞는다고
19922,발랄하기다하며
19925,많았던
19926,흥미로운
19927,상당했고
19928,다양한
19929,높았을것이라
19930,멋지셨습니다
19931,모호한
19932,있었던것
19934,유명한
19935,멋있고
19936,잘맞는다고
19937,발랄하기다하며
19940,많았던
19941,흥미로운
19942,상당했고
19943,다양한
19944,높았을것이라
19945,멋지셨습니다
19946,모호한
19947,있었던것
19949,유명한
19950,멋있고
19951,잘맞는다고
19952,발랄하기다하며
19955,많았던
19956,흥미로운
19957,상당했고
19958,다양한
19959,높았을것이라
19960,멋지셨습니다
19961,모호한
19962,있었던것
19964,가까운
19965,평범하다고
19969,즐겁게
19970,대단했다고
19971,아니었다
19972,이럴수가
19974,즐겁고
19975,행복한
19980,멋진
19981,재밌어요
19982,멋있으시구요
19984,벅차고
19985,그러는지
19988,멋진
19989,유명하다는
19992,작아서
19994,안되는거에
20001,너무해서
20003,섹시하고
20004,화려한
20005,다양한
20006,우유부단하고
20007,평범한
20009,불필요한
20011,아쉽다
20013,강렬한
20014,안좋은
20015,아쉽네요
20017,즐거운
20018,아쉬웠지만
20019,괜찮았습니다
20021,재미없게
20023,좋아하진
20024,즐거워졌습니다
20025,재밌어요
20026,재밌었어요
20027,안되더라구요
20028,좋았는데
20030,아까워요
20032,완벽한
20033,즐겁고
20034,재미있는
20037,황홀해진다
20038,여전한
20040,무겁게
20042,괜찮았는데도
20045,사랑스러
20047,깊었어요
20048,재미있었어요
20049,즐겁고
20050,행복한
20052,유쾌한
20053,좋을것
20055,멋있어요
20056,재밌게잘
20059,귀여우세요
20060,완벽하신
20061,소중한
20062,재미있었습니다
20063,즐거운
20065,멋진
20067,좋았을텐데
20068,재밌었
20069,흥겨운
20071,생생한
20072,멋진
20074,새로운
20080,신나서
20082,아쉬운건
20085,멋있어
20088,싫어하지
20090,즐거웠다
20091,완벽하게
20092,가득한
20093,즐거운
20094,좋았네요
20096,좋았네요
20099,기대했는데
20100,신나는
20103,기대했는데
20104,신나는
20106,없던
20107,재밌
20108,많이는
20110,좋겠네요
20112,좋았음
20115,훌륭합니다
20116,멋있어서
20118,완벽한
20120,빠른
20121,정확하게
20122,멋진
20123,행복한
20124,멋졌어요
20125,재미있게
20126,재미있다고
20127,만족하셨어요
20128,멋있었어요
20129,이쁜건
20130,하얗고
20131,예쁘세요
20132,유쾌하시고
20133,멋지셨어요
20134,멋진
20138,멋진
20140,노련함과
20141,넘치는
20145,잘생겼잖아요
20146,바빠서
20147,작다
20148,기대했던거다
20151,짠한
20153,없게
20154,완벽한
20155,신나는
20156,끊임없는
20158,노련하고
20160,엄청난
20161,반했습니다
20162,좋았네요
20163,이쁘더군요
20164,사랑스러웠구요
20167,신나는
20168,얌전히
20169,아닌지
20170,조심스러울
20171,있답니다
20173,흥겨운
20174,궁금하네요
20175,기대했던
20176,즐겁게
20177,좋아하셨구요
20178,아쉬웠던건
20180,아쉬웠습니다
20182,어떨지
20183,궁금해져서
20184,있을거
20187,기대한
20188,즐겁게
20190,귀엽고
20191,즐겁고
20192,재밌는
20194,미친듯
20195,신나는
20196,즐거웠습니다
20198,완벽했고
20199,멋졌어요
20200,훌륭함이야
20201,유명해서
20202,없죠
20203,완벽했던
20204,아니였나
20205,적당히
20208,없어서는
20209,안될
20210,멋지고
20211,대단했어요
20212,반하고
20213,즐겁고
20214,멋진
20217,아쉬운
20218,아쉬워요
20219,좋겠습니다
20221,유연함과
20222,탄탄한
20224,멋있는
20225,좋으네요
20226,즐겁고
20227,재미있게
20228,이쁘고
20229,멋지세요
20233,즐거웠던
20234,멋진
20236,참된
20237,확실하게
20238,많습니까
20243,훌륭했지만
20244,덥고
20245,습해서
20246,진정한
20247,완벽한
20249,사랑스럽습니다
20253,능숙하고
20254,멋진
20256,완벽했습니다
20257,재밌어요
20259,즐겁게
20261,아쉬웠던건
20264,섹시하고
20265,옅어서
20266,같다는
20268,멋짐을
20269,착한
20271,궁금해서
20272,새로워요
20273,재미있었고
20274,스럽고
20275,정확하신지
20276,멋있으세요
20280,좋아하는
20281,화끈한
20284,즐거웠던
20286,예쁘고
20287,같더라
20288,뛰어난
20289,착하지만
20290,재밌더
20291,단순히
20292,유명했고
20293,다르
20294,멋지고
20296,신기했다
20297,재밌었고
20298,섹시한
20299,즐겁게
20300,좋아하는
20301,다를거라
20303,빠르게
20304,섹시한
20306,비슷한
20307,성숙한
20309,편안히
20310,노란
20311,낯설었지만
20312,궁금해
20314,낯설지
20317,재밌답니다
20320,아니게
20321,아까울만큼
20323,재미있게
20324,좋겠네요
20325,출중해요
20327,신나고
20330,신나고
20331,좋음
20332,뛰어난
20333,정확한
20336,즐거운
20342,좋았어여
20343,재미있었어요
20344,재미있어지고
20345,재미있는
20348,좋겠습니다
20349,멋있었고
20351,야릇한
20353,유쾌함
20354,만족스러운
20355,좋았던
20358,재밌는
20359,아름답고
20360,가득한
20361,깊에
20362,기대하며
20363,만족하기도
20364,어려운데
20365,어려운
20366,멋졌습니다
20367,즐겁고
20368,멋진
20369,아니네요
20371,나쁘지
20373,넘치는
20374,풍부한
20377,멋진
20378,훌륭한
20379,재밌었으면
20380,좋겠다는
20381,화려한
20384,멋진
20386,멋진
20393,지루할
20395,신나고
20396,즐겁게
20397,힘찬
20402,높았고
20403,높았던
20407,원하는
20408,멋지셨어요
20413,아쉬웠지만
20414,만족합니다
20415,멋지고
20416,재밌어요
20417,어느덧
20418,놀랬습니다
20419,든든한
20420,멋진
20422,지루했어요
20423,특별한
20424,괜찮았을
20427,중요한
20428,아쉬웠어요
20429,아니어서
20430,색다르고
20431,유쾌하게
20432,좋았지만
20436,넓고
20437,편해서
20438,즐겁
20439,괜찮았던
20440,화려한
20441,이쁨
20442,섹시하고
20443,멋진
20445,좋구
20446,편하게
20447,있었고
20448,비열하고
20449,냉정하고
20450,야비하고
20451,능글맞은
20452,있었어
20453,놀랬다
20454,귀여운
20456,좋았구
20457,있었구
20458,아쉬운
20459,젊은
20460,섹시하게
20461,안되다니
20463,역이면
20465,많은듯
20466,좋았음
20467,화려한
20470,괜찮았어요
20471,자연스럽고
20472,놀랬습니다
20474,섹시한
20475,없었는데
20476,멋진
20477,흥겨운
20479,필요없는
20480,유명한
20481,충분히
20482,스러
20483,깊었다는걸
20484,성공한
20485,뻔한
20486,익숙한
20487,미치면
20488,불편하진
20490,멋지다
20492,훌륭하다
20493,섹시함
20498,충실하고
20500,아쉬웠던
20501,미흡했던
20503,짧아요
20504,아쉽네요
20505,만족스러웠습니다
20506,멋졌습니다
20507,없이도
20508,당당한
20509,좋아하는
20511,추한다
20514,아플
20515,아쉽고
20516,즐거운
20517,재미있게
20518,탄탄한데
20519,아쉬었습니다
20520,좋았어용
20521,불친절하고
20522,없나요
20523,없었는데
20524,많지
20526,조용히
20528,그러고
20530,즐겁게
20531,중요하지만
20534,재미있어요
20535,즐겁다
20536,특별했다
20537,놀라웠다
20538,아쉬운
20541,완벽했고
20543,새롭게
20545,행복했다
20548,즐겁고
20549,행복한
20550,대단하신거
20552,인해서
20554,재미있었습니다
20555,잘맞고
20557,생생하고
20559,즐거운
20560,지루할
20561,섹시한
20562,작아
20563,예쁘더군요
20564,똑같아요
20565,작아서
20566,간드러짐
20567,예쁜
20570,힘드실거
20572,아프시지
20573,무사히
20574,재미있게
20575,자연스럽고
20576,밉고
20578,즐겁게
20579,노련함
20580,탄탄한
20581,드문
20583,화려하고
20586,좋앗어여
20589,있었나
20590,그러다
20591,화려한
20592,섹시한
20593,낯설고
20594,신기하게
20595,설레이고
20596,행복했습니다
20597,재밌음
20599,있는듯
20600,좋을까
20601,좋겠다
20602,그랬던거
20605,아닌거
20610,독특하고
20611,재미있었어요
20613,재미있게
20614,즐거운
20615,높았고
20616,괜찮은
20617,화려한
20618,크나큰
20619,섹시한
20621,상관없이
20622,많아
20623,재미있게
20624,대단했어요
20625,즐거운
20626,재밌어요
20627,재밌고
20628,유쾌하고
20630,신나고
20631,흥겨운
20635,똑같은
20637,있는걸
20638,탄탄한
20640,지루하지
20643,부탁드려요
20644,화려함은
20646,뛰어났던
20647,야해
20649,빠르고
20651,멋지고
20652,새로운
20653,깊었어요
20654,있으면서도
20656,귀여우시고
20657,능글능글하게
20660,세련된
20664,어떨지
20665,궁금했어요
20666,안좋게
20670,아쉬웠습니다
20672,좋았지만
20674,예쁘고
20675,재밌고
20676,즐거운
20678,멋진
20680,고픈
20681,만족스러운
20682,아니겠으나
20683,변해지는게
20684,아니듯
20687,신나고
20689,즐거운
20690,있었던거
20695,멋있는
20696,반하게
20698,더라구요
20703,많으셨습니다
20704,대단하네요
20706,없으시더군요
20708,세련된
20710,섹시하고
20711,섹시하다
20712,무거운
20713,무겁지
20716,빠른
20717,슬픈
20718,아닌데
20719,벅차오르는게
20720,팍팍한
20722,행복해서였는지
20725,좋겠습니다
20726,재미있게
20727,신나고
20728,즐거운
20729,즐겁고
20730,재미있습니다
20732,재미있었어요
20733,저렴하게
20735,충분히
20738,엄청나게
20739,섹시하고
20740,화려한
20741,완전히
20742,대단한
20743,뿌듯하고
20744,친한
20745,좋지
20747,뿌듯하였습니다
20748,놀랬으나
20750,즐거운
20752,다행히
20754,좋아했는데
20758,유명한
20759,신나는
20760,화려한
20762,다르며
20764,화려한
20765,기대하지
20766,쓸데없는
20767,미까지
20769,탄탄한
20770,화려함을
20771,있죠
20773,흥미로운
20775,진지하고
20776,신나고
20777,화려한
20778,원하신다면
20779,화려한
20782,흥미롭게
20788,깊은
20789,기쁩니다
20790,화려한
20791,없어도
20793,사랑스런
20794,반해
20795,새로운
20796,스럽고
20797,스러웠다
20798,소중하게
20799,행복하게
20800,곱니다
20801,유쾌한
20802,즐겁게
20803,신나는
20809,안되었는데
20810,좋았던
20813,필요한
20815,안좋았습니다
20818,능글맞으며
20821,재밌어요
20822,유명한
20823,기대했는데
20824,완벽했고
20825,멋있었어요
20826,넘치는
20828,화려한
20829,없어도
20832,아쉬웠어요
20833,좋아하셔서
20834,기뻐요
20835,멋지고
20837,좋았네요
20839,좋아하시고
20840,행복해
20841,재미있게
20842,즐겁게
20843,멋진
20844,좋겠습니다
20845,넘쳐나고
20848,많은데
20850,즐거웠습니다
20851,안된건
20852,아쉬웠지만
20855,아름다운
20857,즐거웠어요
20858,신나고
20859,좋아하는
20863,좋아하셨어요
20864,유명한
20865,기대하고
20866,후회되지
20867,엄청난
20868,완벽했습니다
20870,없잖아
20871,있었다고
20872,만족했습니다
20874,멋졌어요
20876,행복한
20877,좋았던
20879,더군요
20882,힘들어
20883,대단하더라고요
20885,대단하다는
20888,만족합니다
20889,필요없을
20892,멋진
20893,소중히
20896,깊었고
20898,화려한
20899,탄탄한
20900,즐겁고
20901,행복한
20909,높았고
20910,만족스러운
20911,아쉽네요
20912,좋았던거
20919,즐거운
20921,힘들어도
20922,기대하면서
20923,없게
20925,허무하고
20926,속상하고
20927,힘든
20929,속상한
20931,멋졌겠죠
20932,기대하고가서
20933,만족하고
20934,아름다운
20935,멋지셨어요
20936,섹시하고
20940,완벽했습니다
20941,다르지만
20943,멋진
20944,멋진
20946,좋은지
20949,설레고
20950,즐거운
20952,있죠
20953,세련되고
20954,멋진
20956,대단했습니다
20957,멋지구
20958,귀엽고
20959,섹시한
20962,상당히
20964,없었네요
20965,멋진
20966,멋졌습니다
20967,성하고
20968,멋진
20969,넘치는
20971,흥겨운
20972,훌륭한
20978,어떨까
20979,궁금해
20981,만족스러웠습니다
20982,지겨웠던
20983,좋더라구요
20986,아쉬웠어요
20987,멋졌어요
20991,이쁜데
20992,어마어마하네요
20993,신나게
20994,재미있고
20995,멋있었던
20997,멋진
20998,주도한
20999,섹시한
21001,고맙다고
21003,좋았는데
21007,튼튼한
21008,화려한
21010,행복합니다
21011,재밌다고
21012,섹시하고
21016,찰진
21018,화끈한
21019,이뻐용
21020,이쁘고
21021,발랄한게
21023,재미있게
21024,아름다웠어요
21025,좋아하난
21026,멋진
21028,화려하면서
21029,섹시하지만
21032,아름답고
21034,힘들어
21035,명료해서
21038,깊어
21039,반갑고
21041,안되네요
21042,아니구나
21043,유명한
21044,훌륭하고
21045,즐겁게
21046,있었네요
21051,좋을
21052,같다는
21053,좋아하는데
21054,신나는
21057,좋을
21060,멋있는
21064,계시던데
21065,있다는걸
21066,야할것
21068,좋을것
21070,능숙한
21071,설레였습니다
21072,멋진
21073,완벽했습니다
21074,없지요
21075,뿐이였습니다
21082,열렬히
21083,다행히
21085,멋진
21086,섹시하고
21088,멋진
21090,궁금했어요
21091,탄탄한
21092,만족스러워요
21095,화려한
21098,딱히
21099,없었던거
21103,스러운
21106,유명한
21107,많이하고
21108,재미있게
21110,아쉬워
21111,똑같은
21112,흥겨운
21113,즐겁게
21114,멋진
21115,멋진
21116,생생함이
21117,넓으리라는
21118,좁은
21119,익숙한
21120,화려한
21121,훌륭한
21123,재밌었어요
21124,좋았구요
21125,추워서
21126,유연하게
21127,즐거운
21130,아쉬운
21133,재밌었네요
21134,흥겨운
21135,재밌고
21137,섹시하고
21138,신나는
21139,못지않은
21140,대단했던
21143,설레는
21144,재미있게
21145,못지않은
21146,훌륭했어요
21147,아닌거에
21148,실망할
21149,재밌었어요
21150,아까웠던
21151,답답하고
21152,부족한
21155,그렇고
21156,건전하지
21158,행복한
21159,재미있어요
21160,재밌네요
21161,재밌어요
21163,유명한
21165,지루하구
21167,재밌고
21168,짧게만
21169,좋았다고
21171,값진
21174,기대하지
21175,좋아하는
21176,좋아던것
21179,아쉬웠네요
21181,좋아하는
21184,즐거운
21189,가볍지
21191,훌륭해서
21193,부탁드려요
21194,멋진
21197,민망할
21198,어색하냐고
21200,필요하다고
21201,좋겠네요
21203,멋있으시고
21204,작으시고
21205,좋으셨어요
21206,입니당
21207,강렬한
21208,가벼워
21212,없으신
21213,특별한
21214,안되었지만
21215,유명하고
21216,화려한
21217,신나고
21219,즐거웠고
21220,무겁지
21221,적절히
21222,가벼운
21225,재미있어하셨고
21228,사랑스러우셨지만
21230,역은
21231,소중한
21232,화려한
21233,황홀했습니다
21234,중요한데
21235,화려한
21236,흥겨운
21237,멋졌어요
21239,화려한
21241,신나고
21242,재미있게
21243,작아
21244,재미있는
21245,놀랠만
21246,아쉬운
21249,재미있었습니다
21250,유명해서
21252,날카롭고
21253,강해서
21255,버거워
21256,아쉬웠네요
21257,재밌었어요
21258,좋아하셨어요
21262,있었는지
21266,어느새
21267,기대했던
21269,좋았구
21270,좋았
21271,재밌다고
21272,좋아하더라고요
21273,저렴했고
21274,좋았
21275,화려한
21277,화려함을
21279,이랬
21281,지루하지
21283,헷갈릴
21285,지루하지
21286,즐거운
21287,섹시한
21289,완벽합니다
21290,시원시원한
21291,더군요
21292,시원시원하고
21294,있었고
21298,대단하다고
21299,대단하구요
21301,즐거웠다
21302,즐거웠는데
21304,수많은
21306,유명한
21308,지루하다는
21310,아니니
21312,없다면
21313,만족함
21315,멋진
21316,멋진
21317,멋진
21318,섹시함
21322,새로운
21323,멋있게
21327,익살스런
21328,훌륭하게
21329,현란한
21331,신나고
21332,재미있는
21334,완벽했어요
21335,행복했
21337,즐거운
21338,쎄요
21340,또렷하게
21342,아쉬웠어요
21343,탁하고
21344,불편했다
21346,지루하다
21347,괜찮았으나
21349,지루한
21351,만족스러웠어요
21352,화려한
21353,멋진
21356,재미있게
21357,미까지
21358,얄미울
21361,신나게
21362,즐거웠습니다
21363,유쾌한
21365,있는것
21368,아쉬웠어요
21372,멋있었습니다
21373,즐거웠습니다
21375,특별한
21376,없이도
21377,좋다니요
21378,멋진
21380,즐거워서
21381,후회될
21382,아쉬워요
21383,멋진
21384,단조롭게
21385,단순히
21387,화려해야만
21389,아니니까
21390,예쁘지만
21391,아름답다고
21394,재미있게
21395,재미있는
21397,화려한
21399,재밌는
21400,무서운
21401,탄탄한
21402,탄탄하게
21403,없었는데
21404,완벽한
21406,성장하고
21408,좋았던건
21413,좋았는데
21414,비싼
21415,싫어하고
21416,안좋은
21418,재미있어서
21419,많았습니다
21420,친근하고
21421,재미있고
21422,계셨습니다
21423,사랑스럽고
21424,귀엽고
21425,얄미웠고
21426,유명한
21428,강하게
21430,유명한
21432,유명한
21433,재미있고
21434,훌륭한
21437,좋앗네요
21438,저렴한
21439,생생한
21441,즐거웠던
21442,훌륭했고
21443,뛰어날줄이야
21445,훌륭한
21447,재밌네요
21448,재미있었어요
21449,안되고
21451,안되는데
21452,오죽할까
21454,재미없는
21456,있었다고
21457,아쉽네요
21459,그랬네요
21462,만족하고
21463,재미있는
21467,사랑스러운
21469,힘든
21471,새로운
21472,흥미로웠습니다
21473,필요한데
21474,아쉬웠어요
21475,많더라
21476,새로운
21479,좋았고용
21482,궁금하네요
21483,여리
21484,여리한
21486,대단하다
21487,멋지십니다
21488,유명하다고
21489,자연스럽고
21490,신들린듯
21492,다양한
21493,자연스러
21495,어떨지
21498,생생했던
21502,달랐습니다
21503,화려한
21504,지루할
21506,괜찮을
21508,유명해서
21509,신선했고
21510,재밌었어요
21511,역은
21512,아쉬워도
21513,예뻐요
21514,재밌었다
21515,불편한
21516,있었고
21517,많았다
21518,만족스러웠구요
21522,완벽히
21523,미에
21525,좋았구
21527,유명한
21528,기대하고
21529,그러다
21530,그러다
21531,그러더라구요
21532,약하고
21533,지루했어요
21534,너무했었네요
21537,멋진
21538,유쾌하고
21539,신나는
21540,좋았는데
21542,엄청난
21546,있느데
21547,안좋으
21548,좋아합니다
21549,야했나요
21550,싫어하는
21551,엄청나서
21552,있을까요
21553,좋겠네요
21556,나빠하지
21558,빡쳐서
21559,급하게
21561,있었나
21563,짜증남
21564,당한건데
21565,짜증나게
21566,좋았던
21567,빡쳤지만
21568,즐거운
21571,좋아한는
21573,신났어요
21575,탄탄한
21577,깊었어요
21578,좋아하던지
21579,아니였다는
21581,즐거운
21583,있다는게
21586,섹시하던지
21587,반하겠더라구요
21588,좋았지만
21590,아쉬웠네요
21591,좋았구요
21592,어색하단
21593,다양한
21595,즐거운
21597,재미있게
21598,멋진
21599,좋았다고하네요
21600,좋았다고하네요
21602,조화로웠어요
21605,화려한
21606,추워서
21607,추워하시는
21608,같던데
21609,어떨련
21611,화려한
21612,아무런
21614,즐거운
21615,유명한
21616,기대하다
21617,귀엽고
21618,멋있었습니다
21620,멋있었습니다
21621,느린
21622,아쉬웠습니다
21624,넘치는
21625,멋진
21626,재밌어요
21627,화려한
21629,즐겁고
21630,즐거운
21632,즐겁게
21633,있긴하지만
21635,멋진
21636,반했네요
21637,만족스런
21638,좋아한다
21639,재미있게
21640,재밌어요
21641,가능한
21642,유쾌한
21643,유명한
21647,엄청난
21651,화려한
21652,멋진
21654,특별함이
21656,아쉬웠다
21657,필요없습니다
21658,필요없는
21659,아쉬운
21660,새로운
21661,충분한
21663,정확히는
21665,원하는
21666,아니었지만
21667,재밌었습니다
21668,자리는
21669,멀어서
21670,아쉬웠구요
21671,유명한
21672,멋있고
21673,잘맞는다고
21674,발랄하기다하며
21677,많았던
21678,흥미로운
21679,상당했고
21680,다양한
21681,높았을것이라
21682,멋지셨습니다
21683,모호한
21684,있었던것
21686,유명한
21687,멋있고
21688,잘맞는다고
21689,발랄하기다하며
21692,많았던
21693,흥미로운
21694,상당했고
21695,다양한
21696,높았을것이라
21697,멋지셨습니다
21698,모호한
21699,있었던것
21702,재미있었어요
21703,독특하게
21704,별다른
21706,아쉬운
21710,안되는
21711,아쉬웠습니다
21712,있는듯
21713,경쾌한
21714,좋았던
21717,행복했습니다
21718,지루하지
21720,즐겁게
21721,고맙습니다
21722,화려한
21723,좋아하는
21726,특별히
21727,재미있게
21729,없었는데
21731,멋져
21733,힘들어
21734,아니였습니다
21737,궁금해서
21738,설쳤어요
21740,젊은
21741,아깝다고
21742,귀여웠습니다
21743,비슷하게
21744,자연스러워요
21746,고맙습니다
21747,훌륭했습니다
21748,기대하며
21750,기대하고
21753,훌륭했습니다
21755,오래된
21757,있다는건
21758,완벽하게
21760,맛깔나게
21762,행복한
21763,설레였습니다
21764,지루하게
21765,재밌었네요
21766,탄탄하고
21769,다르더라구요
21771,반하고
21773,흠잡을
21775,탄탄한
21776,화려한
21779,있더라구요
21780,탄탄하고
21782,신나게
21783,신나더라구요
21784,즐겁고
21785,유쾌한
21786,어두워서
21788,어떡하지
21789,계시는데
21790,있은
21792,완벽한
21794,좋아하시는
21795,좋아하시는
21796,좋아해서
21800,사랑스럽고
21801,사랑스러워요
21802,재밌었어요
21803,멋있고
21804,사랑스럽고
21805,귀엽고
21809,없다고
21810,아파서
21813,힘들더라구요
21814,짧으니까
21815,괜찮았어요
21816,민망해하시네요
21817,좋았구요
21818,실망했어요
21819,지루하게
21820,기대하고
21821,실망했고
21822,대단해요
21823,기대하고있습니다
21824,화려한
21825,기대한게
21826,부족한
21827,같음
21828,화려한
21829,아니었고
21830,화려했었어요
21831,흥미롭진
21832,아까워요
21833,유명한
21834,아쉬워요
21835,깊었어요
21836,멋있었어요
21837,멋진
21840,멋진
21841,기대할게요
21842,스러
21844,많아요
21845,바쁘게
21846,멋지고
21847,재밌었어요
21849,피로했을
21852,아쉽네요
21856,중요한
21858,즐겁게
21860,멋짐을
21861,화려한
21862,멋진
21863,필요없습니다
21864,좋았고요
21867,멋있었어요
21869,깜찍하고
21870,섹시했어요
21872,멋졌어요
21873,엄청났어요
21874,재밌었어요
21875,멋지지만
21877,즐겁고
21878,신나는
21879,없을만큼
21880,화려하고
21881,즐거운
21884,만족해하셨어요
21885,지루하지
21886,풍부한
21887,성하게
21888,재밌음
21894,중요하게
21896,짱짱한
21897,좋다
21898,좋다
21901,독특한
21902,화려하지
21904,강한
21905,멋지구
21906,화려했다
21912,아리따운
21915,재밌었는데요
21916,궁금했었는데
21918,재밌었어요
21921,맛깔나게
21922,멋있었습니다
21923,멋졌어요
21924,멋있고
21925,섹시했습니다
21927,멋있었어여
21929,화려하고
21930,화끈한
21933,엄청난
21936,즐거웠습니다
21941,재밌어요
21945,뻔한
21947,재미있었어요
21948,멋진
21951,지루하긴
21955,화려하고
21956,신나는
21958,유명한
21959,재밌었어요
21960,완벽했다고
21963,멋진
21964,짜릿했습니다
21965,아름다
21966,탁월하셔서
21967,재미있게
21971,멋있어
21972,같아여
21973,두근거렸던
21974,많았지요
21975,섹시한
21976,추하는
21977,섹시하고
21978,뜨겁고
21979,궁금했었는데
21980,좁은
21981,멋져요
21982,안남았더라구요
21983,아쉽지만
21986,부러웠다는
21988,소소하지만
21992,충분히
21994,있을줄
21996,아쉬웠네요
21999,넘치셨어요
22000,넘치셨어요
22001,넘치셨어요
22003,넘치는
22004,완벽한
22005,빠르게
22006,아쉬웠습니다
22009,즐거운
22010,섹시하고
22011,섹시한
22012,어마어마했다
22013,사랑스럽다가도
22014,넘치는
22015,사랑스러운
22016,좋았던
22017,신나게
22018,예쁜거
22020,멋진
22021,소중했습니다
22023,좋았던
22024,작아서
22025,아쉬웠지만
22026,우아한
22027,좋았네요
22029,어두워서
22031,같은건
22032,없더라구요
22033,짧은
22034,아닌데도
22035,즐거웠고
22037,신나는
22040,아쉽다
22041,미쳐서
22042,아쉽
22046,좁고
22047,아쉬웠지만
22051,즐겁게
22053,멋있으셨어요
22054,새로운
22055,왠만함
22058,원했던
22060,특별함과
22062,좋으셔서
22063,섹시하고
22064,멋지다
22065,지루할
22068,섹시하고
22069,멋있어요
22070,멋있고
22071,재밌어요
22073,반했다
22074,완벽하다는
22076,재미있었네요
22078,좋지만
22079,좁은
22080,건조해
22081,미쳤습니다
22082,아쉽게
22084,괜찮으려나
22085,안좋아
22086,헐렁하니
22088,역가서
22091,재밌게잘
22093,유명한
22095,완벽히
22096,행복한
22098,부탁드립니다
22101,재미있게
22104,멋지고
22105,시시하지만
22106,재미있는
22107,있기에
22108,어렵고
22109,좋을
22111,화려한
22112,아쉽게
22114,변화무쌍한
22115,짙은
22116,충분히
22120,중요한
22125,멋져
22127,없을지
22130,필요하지
22132,매끄럽게
22133,유일하게
22134,뛰어난
22135,뛰어난
22136,상관없을
22137,좋지
22139,충분한
22140,다양한
22143,안되었는데
22145,있으시네요
22148,멋있다고
22150,멋있었어요
22151,훌륭했습니다
22152,재밌었어요
22154,재밌었어요
22156,아름다운
22157,무거운
22158,없을까봐
22159,즐거웠습니다
22160,재미있었어요
22161,필요없어요
22163,정중하게
22164,멋짐
22166,멋져서
22167,필요없네요
22168,아름답습니다
22170,아름답구요
22171,없죠
22175,걱정스러웠지만
22177,멋있었어요
22179,넘치는
22180,반해
22181,섹시한
22183,예쁘시고
22184,엄청났다
22185,사랑스럽고
22186,넘치셨다
22189,넘치게
22190,멋진
22191,그렇다치고
22192,많았을텐데
22194,같다는
22197,성장한것
22198,멋진
22199,신나는
22200,그렇네요
22201,즐겁게
22202,재밌기도
22203,잘맞는거
22205,생기발랄하고
22206,귀여운
22208,귀엽
22209,즐겁게
22210,없었으면
22212,재미있었고
22215,행복했습니다
22217,있긴한데
22219,색다른
22220,별다른
22221,없었지만
22222,화려하고
22223,이쁘고
22224,즐거운
22225,유명하니까
22227,많겠지요
22229,흔히
22230,만연하게
22234,기묘한
22239,자세한
22241,지독한
22242,없지요
22248,뿐이지요
22250,거대한
22251,약한
22253,당한다는
22254,나약한
22257,있자요
22258,얄팍하고
22259,멍청하
22260,순진한
22263,뿐입니다
22264,아니겠지요
22267,그렇습니다
22269,어리석을
22270,순수함이
22271,당하는지를
22273,엄청나게
22274,넘치는
22278,좋아하는
22279,유명한
22280,나쁠게
22283,비슷하게지
22284,이런와
22285,신기하고
22286,멋있고
22287,재밌고
22289,오묘했다
22290,비싸지만
22291,멋진
22297,멋진
22298,재밌었습니다
22299,추해요
22300,재미있게
22301,오래된
22302,같았고
22303,유쾌하였습니다
22305,재밌는
22306,야합니다
22309,충분하였습니다
22310,매끄러운
22311,있는데요
22312,좋아하는
22315,별다른
22316,없었으나
22317,화려한
22318,즐겁게
22321,안타까웠어요
22324,다양한
22326,산뜻하면서도
22327,귀여운
22328,좋더군요
22330,넘치는
22331,즐거웠고
22332,대단히
22333,섹시한
22334,스러웠지만
22335,멋지단
22336,좋아하던
22339,섹시한
22340,넘치시고
22341,좋아하는
22343,넘치는
22344,능글맞은
22345,재미있었고
22350,좋겠네요
22351,사랑스러운
22352,넘치는
22353,넘쳤던
22354,섹시한
22355,멋진
22356,익살스러운
22357,다를까
22358,신선하고
22359,기대할수있겠지만
22360,있더
22361,멋있네요
22362,부족했지만
22364,재미있었어요
22366,아닙니까
22368,계셔서
22369,적당했고
22370,좁아
22371,재미있었고
22374,괜찮았습니다
22376,지루하지는
22377,많이하고
22379,아쉬웠습니다
22380,답답한듯
22381,어색한
22382,자연스럽고
22383,좋았으나
22384,어색한
22385,아쉬웠었네요
22387,아쉬웠지만
22388,유명한
22389,괜찮다
22390,그랬네요
22391,완벽했던
22392,유명한
22393,수많은
22396,행복했습니다
22397,촌스러운게
22399,세련된
22400,추함니다
22401,재미있고
22403,흥미로웠어요
22404,재밌었고
22406,실망하면
22407,즐겁게
22408,있으셔서
22409,멋졌어요
22414,좋아하셨어요
22419,진정한
22420,재밌었어요
22422,신나고
22423,멋있어요
22425,어색한
22426,있긴하네요
22427,기대하고
22428,힘들어
22430,좋았음
22431,높음
22432,벅차
22433,반갑고
22437,좋았을꺼
22442,좋았지만
22444,즐거운
22446,좋을
22447,없을거
22450,불과하고
22452,훌륭한
22453,작다고
22454,좋앗던거
22457,아니어서
22458,좋앗어용
22459,훌륭한
22460,행복한
22462,힘든
22463,알찬
22467,변한게
22469,깊고
22473,계시면
22474,안되는
22475,신나는
22477,즐겁게
22479,재밌는
22480,좋았네요
22481,유쾌하게
22482,영화로대
22483,재밌다고
22485,아쉽지만
22486,힘들어
22488,아쉬운
22490,새로운
22493,아쉬울
22494,있으시겠네요
22495,그랬
22497,멋진
22499,강력함이
22500,지루하게
22501,섹시해서
22502,야했음
22503,좋겠다
22504,이런거
22506,좋아하는데
22507,아쉬웠음
22509,빨랐는데
22510,뛰어나셔서
22512,탄탄한
22513,지루하진
22514,기대했는데
22516,재밌고
22518,재밌어서
22520,재밌었어요
22521,유명하시지만
22522,새로운
22523,궁금해서
22525,없더라구요
22526,섹시하게
22527,좋아하는
22528,재미있어
22529,뿌듯했답니다
22531,멋지고
22532,화려하고
22534,넘치는
22535,탄탄한
22536,황홀한
22537,좋아해서인지는
22540,재미있는
22542,조그마한
22544,대단함을
22546,궁금했었습니다
22547,멋있었는데
22548,안좋으셨는지
22550,힘들어
22551,불편한
22552,좋았던
22554,같았는데
22555,아쉬웠습니다
22558,아쉬웠습니다
22559,빨라지면서
22560,안된다고
22562,완전히
22564,가까운
22566,아니었
22567,아쉬운
22568,무사히
22569,있길
22570,어렵지
22571,재미있는
22574,강했고
22576,행복하고
22580,좋겠다
22581,좋겠다
22583,소소한
22586,재미있게
22587,멋졌고요
22588,월등한
22589,야하는데
22590,힘들어
22591,아쉬웠습니다
22594,아쉽고요
22595,아쉬운
22598,기뻐서
22599,뻔했어요
22603,원했는데
22604,힘든
22605,아쉬웠는데
22606,그랬어요
22607,깊지
22609,특별하고
22611,행복했던
22612,영원히
22615,즐거웠어요
22616,같을
22619,맛깔나게
22621,이쁘시고
22622,작으시고
22623,비슷하시니까
22624,좋더라구요
22625,즐거운
22626,좋앗구요
22627,뒤늦게
22628,아쉬웠지만
22629,화끈한
22630,시원한
22631,흠잡을
22635,가까운
22637,화려한
22638,신나는
22639,오래된
22640,유명한
22643,멋진
22644,즐거운
22645,대단한
22647,많았네요
22649,어색한
22651,멋지게
22653,찰지게
22654,좋았음
22656,좁고
22658,기대했던대로
22659,탁월하고
22662,안된다고
22663,아쉬웠네요
22665,재밌습니다
22666,그런건
22667,아닙니다만
22671,상당히
22672,아쉬워서
22673,유명한
22674,기대했던
22675,재밌고
22678,가까워서
22682,신나게
22684,버겁고
22685,그런것
22686,같지만
22688,실망했습니다
22689,성한
22690,좋았구
22691,좋더군요
22692,아름다우십니다
22693,추워서
22697,필요없는
22698,좋았고요
22699,재미있게
22700,없고요
22701,어떨지
22702,궁금해서
22703,좋겠다는
22704,유쾌한
22706,재밌었네요
22707,아프긴
22708,신기하고
22709,재미있었어용
22710,멋지고
22711,재미있었어요
22714,그렇고
22716,재밌었어요
22717,리드미컬하게
22718,찰지게
22719,섹시한
22720,미까지
22721,재밌었어요
22722,신나고
22723,여리
22724,앙증맞고
22725,사랑스럽고
22726,넘쳐요
22727,같단
22728,딱이었어요
22729,노련하고
22733,불안한
22734,흠잡을
22736,성공하셔야
22737,화려하고
22739,재미있는
22740,신나고
22741,즐건
22744,신났어요
22745,멋지네요
22747,지루하지
22748,즐거
22750,먼자
22751,깊었던
22753,익살스러운
22754,좋았지만
22755,아름다운
22758,비슷하면서
22759,대단했습니다
22761,즐거웠습니다
22762,무리하지
22763,재미있게
22764,무서웠어요
22766,넘쳐나는
22767,섹시한
22768,편한
22769,다르긴
22770,그렇고
22771,그렇고
22772,완벽했어요
22773,반했었어요
22774,뿐일줄
22775,반했으니
22779,당연하게도
22780,엄청났지만
22781,대단했어요
22783,재밌고
22784,유쾌해서
22788,좋아하던
22791,아쉬웠고
22792,괜찮았어요
22795,괜찮을까
22798,멋진
22799,대단했어요
22801,새로
22802,반했었는데
22804,즐거운
22805,없구요
22807,재밌었습니다
22810,즐거운
22813,자그마한
22814,섹시하고
22816,힘들어
22818,능숙해져서
22819,매끄럽게
22820,즐거웠어요
22822,좋아하는
22824,궁금해
22825,화려한
22827,재미있었고
22828,즐거워하셨고요
22829,궁금해져서
22831,좋았는데
22833,새로운
22836,좋아해서
22837,어떨까
22838,궁금했는데
22839,예쁘셔서
22840,완전히
22841,화려한
22843,즐거운
22844,지루할
22845,지루할
22846,익살스러운
22847,탄탄한
22848,필요없는
22849,소중한
22850,화려하고
22851,멋진
22862,재밌어서
22863,재밌어서
22866,재미있어요
22867,재미있음
22868,즐거운
22869,통쾌한
22870,이쁜
22871,신나고
22872,화려하고
22873,즐거운
22874,즐거운
22876,멋진
22880,재밌었어요
22881,유명한
22882,좋아해서
22884,섹시함과
22885,뛰어난
22886,완벽한
22887,좋았네요
22891,강력히
22893,힘든
22894,당당함이
22895,멋졌어요
22900,깊었습니다
22903,좋더라구요
22904,재미있고
22905,신납니다
22906,멋지고
22908,재미있었다고
22909,화려한
22910,즐겁고
22911,재밌었습니다
22912,화려하고
22913,섹시한
22914,깜찍함과
22915,반해
22916,사랑스러웠어요
22917,원하셔서
22918,만족스러웠고
22920,만족하셨고
22921,좋아하시며
22922,재미있게
22923,기대해서
22924,신나고
22925,재밌었어요
22928,재밌지만
22929,불편하네요
22931,재밌어요
22932,좋을듯
22933,재밌었어요
22934,재밌고
22935,즐거운
22936,어둡고
22937,무거운
22938,멋있습니다
22939,흠잡을
22941,멋진
22942,유명한
22943,재미있고
22944,많았습니다
22946,재밌었어요
22947,만족했습니다
22949,독특했습니다
22954,재미없게
22955,그렇고
22956,지루했음
22957,느리고
22958,비슷한
22959,아깝다
22960,느리고
22961,아쉬운
22962,야하지만
22963,재밌었어요
22964,기대했는데
22965,아쉬웠어요
22966,아닐지
22967,예쁘게
22968,예쁜
22969,아름다웠습니다
22970,멋진
22971,있더군요
22972,반해서
22973,필요없고
22974,그렇고
22975,두근거리게
22978,재미있어요
22979,멋지고
22982,가능한
22983,있는거
22984,아닌데
22987,힘드셨을꺼
22989,멋지고
22993,재밌었습니다
22994,재미있고
22995,멋지네요
22996,강렬하고
22997,멋집니다
22998,멋지고
22999,훌륭했고
23000,좋게
23001,귀엽고
23002,흥겨울
23003,부패하고
23004,흥겨울
23006,있기에
23007,새로울
23008,없었으나
23009,노련한
23011,새로운
23012,아쉬웠지만
23013,포근함과
23014,좋았고요
23016,괜찮을
23020,있는듯
23022,깊었다
23023,톡톡히
23025,재미있는
23028,멋있으시더라구요
23029,재밌는
23030,새로운
23031,어색하기는커녕
23033,멋졌던
23037,추할게요
23039,재미있네요
23040,무겁지도
23041,흥겨워서
23043,멋있어요
23044,멋진
23045,좋았구요
23047,풍부하고
23048,좋았는데
23049,어색하시고
23050,작으시고
23051,없으시더라구요
23052,좋아하는
23054,그랬지만
23057,귀엽고
23058,완벽했다
23060,이렇게나
23061,있을까요
23062,천진난만한
23064,대단했다
23065,안타까웠던게
23067,힘들었다
23069,확실했고
23070,멋졌어요
23071,멋지구요
23072,흥겹고
23073,즐거웠구요
23074,멋진
23075,훌륭한
23076,즐거운
23077,기대했던만큼
23078,재밌었어요
23079,재미있게
23081,깊었어요
23082,스럽고
23083,능글맞게
23084,새롭게
23086,섹시하고
23088,간략한
23089,사랑스러웠습니다
23090,멋진
23091,유쾌했던
23092,섹시하기
23093,유쾌함으로
23094,멋있었고
23095,섹시하고
23096,없을만큼
23097,섹시하고
23099,아쉽
23100,사랑스러운
23101,사랑스러웠어요
23103,특별하지도
23104,특별하지도
23105,멋있었어요
23106,다르지만
23107,느끼하고
23108,능글맞았더라면
23109,좋았을텐데
23110,있었네요
23111,멋있었습니다
23112,멋졌습니다
23114,섹시했어요
23115,유명하니
23116,안남았습니다
23117,아쉬웠던
23118,부족했습니다
23119,빈약했나
23121,섹시함을
23122,아쉽
23123,아쉽
23124,재미있었습니다
23125,아니었지만
23127,사랑스러운
23130,아쉬웠어요
23131,멋진
23132,멋있었어요
23133,아쉬웠어요
23134,아쉬웠네요
23136,그런거
23138,유쾌했습니다
23139,유머러스함이
23140,역시였어요
23141,좋았구요
23147,그러다
23148,유명한
23150,궁금한
23151,두근거리는
23152,유명한
23153,화려한
23155,성공하였다
23156,유명한
23158,있을지
23159,궁금해졌다
23160,무섭
23163,들떠있었습니다
23164,어떨까
23165,기대했습니다
23166,만족스럽고
23167,뜨거운
23169,신나서
23170,즐거운
23172,안전하게
23174,작았더라면
23175,좋았겠지만
23177,즐거웠어요
23180,아님만
23181,아쉬워요
23182,다름없었는데
23183,행복하고
23184,즐겁게
23188,재밌어요
23190,짱짱하진
23192,가까워서
23195,탄탄한데
23197,재밌었어요
23198,기대하고
23199,역시네요
23201,아름다운
23203,좋아하는
23206,귀엽고
23207,사랑스러웠어요
23208,재미있게
23209,대단하다
23210,뛰어나기에
23211,있는것도
23212,무사히
23215,재미있어요
23217,재밌어요
23218,대차게
23222,재미있고
23223,유쾌한
23224,가득합니다
23226,좋겟
23227,재밌어요
23228,완벽한
23230,멋져요
23232,인한거겠죠
23236,완벽했어요
23239,완벽하고
23240,완벽했던
23241,원하는대로
23242,즐겁고
23243,행복하게
23244,즐거웠습니다
23245,훌륭한
23248,시원해지는
23249,재밌네요
23250,어마어마했어요
23252,재미있어요
23253,빠른거
23255,행복했습니다
23257,행복한
23258,좋아하기
23259,재밌었던
23260,흥겨운
23261,멋져요
23262,행복했던
23264,좋았음
23266,어려운
23267,건강하게
23268,있길
23269,즐겁게
23270,가까워서
23271,민망하다는
23273,야하다는
23274,야하는
23278,기대하고
23279,유명한
23280,엄청나시더라구요
23281,아닌데도
23283,좋아해서
23284,많길래
23285,나쁘지
23289,멋있어요
23294,뿌듯합니다
23295,불가능하다면
23296,자릴
23298,신나게
23299,좋죠
23300,빠르고
23303,계셨지만
23304,유명한
23305,좋지만
23306,있더라구요
23308,안되는
23309,같더라구요
23310,없으신
23313,좋았는데
23314,찌질하고
23315,무능하다고
23316,충분한것
23318,착해
23319,있더라구요
23321,있죠
23322,찬란하게
23324,안되는
23326,그래요
23328,없을거라고
23329,아쉬울
23330,기대하며
23332,행복했습니다
23333,건강히
23334,조하
23335,멋졌어요
23336,없는만큼
23337,건강하게
23338,행복했고
23341,어려운
23342,엄청난
23344,불편함
23347,좋아하다
23350,같았고
23351,성공하고
23352,기대했던
23353,탄탄하고
23355,많은데
23357,깊고
23358,좋았던
23360,사랑스러운
23361,새로운
23362,사랑스러
23363,아니냐
23366,즐겁게
23369,재미있고
23370,즐거웠어요
23372,완전히
23374,신기했어요
23375,재밌고
23376,알찬
23378,같지
23379,없다는
23380,슬프네요
23381,행복했어요
23382,같지
23383,없다는
23384,슬프네요
23385,행복했어요
23389,기대하고
23393,좋았던
23394,아쉽네요
23396,좋아하는
23397,완벽했던
23399,설레던
23400,무더운
23401,행복했어요
23404,즐거운
23405,즐겁게
23406,아쉬워요
23410,즐거운
23413,행복한
23414,멋있습니다
23415,성실함과
23416,꾸준함을
23417,유명해져서
23418,많았는데
23419,있게되
23420,행복했습니다
23422,즐겁게
23423,있었을텐데
23425,엄청나게
23426,즐거워
23427,많으셨고
23429,재미있게
23430,세련되고
23431,사랑스러웠어요
23432,아쉽지만
23433,재밌어요
23434,안된다고
23435,안된다고
23436,신나고
23437,재밌었습니다
23438,고맙습니다
23439,재밌었어요
23441,재밌었어요
23442,쏠쏠했구요
23443,기대했는데
23444,아쉬웠어요
23445,있었고요
23446,좋아해서
23450,없었기
23451,작다
23453,격렬하지
23454,단조로워서
23457,좋아야한
23458,편하게
23460,짱짱하고
23461,멋졌어요
23462,좋아하고
23463,깊은
23465,좋아하는
23466,즐겁게
23467,고셨고
23468,멋진
23469,행복했습니다
23471,완벽했습니다
23472,아쉬워요
23473,아쉬웠습니다
23474,즐거운
23475,특별히
23476,화려한게
23478,좋아하는
23480,슬프네요
23481,재밌고
23482,즐거웠어요
23483,만족스러웠습니다
23484,기대하겠습니다
23485,어수선한
23486,재미있게
23488,넘치는
23494,미쳤습니다
23496,많으셨습니다
23497,완벽했어요
23498,재미있게
23499,기대했는데
23500,재미있었습니다
23501,행복했어요
23503,헷갈리네요
23504,아쉽지만
23505,행복했습니다
23507,신기하였고
23508,매끄럽고
23509,재밌었고
23510,좋았었습니다
23511,그러다
23512,있더라구요
23515,우울하고
23516,어려운
23518,힘든
23520,고마워요
23521,기대하고
23522,멋있어서
23523,신나고
23525,멋있었어요
23526,멋있더
23527,화려한
23528,멋져요
23530,재밌음
23534,조심스러웠으나
23536,있었음
23537,재밌고
23539,아쉬운
23540,불편했는데
23543,높은데
23547,멋진
23548,뻔했어요
23549,화려한
23550,뛰어난
23551,재미있어요
23552,좋아했다
23553,만족합니다
23554,만족합니다
23555,뛰어나고
23556,흥겨운
23557,아쉬웠네요
23558,재미있었습니다
23559,재밌었어요
23560,화려하고
23564,멋진
23565,멋진
23566,멋진
23567,멋진
23568,멋진
23569,멋진
23570,옛스러운
23571,많긴하지만
23574,재미있었어요
23575,없어도
23576,아쉬웠다
23577,있었
23578,행복했다
23579,엄청나게
23580,대단한
23582,행복했다
23584,단단해졌고
23585,아쉽지만
23586,원하는
23589,야하지
23590,많다
23593,좋아하는
23595,많냐고
23596,좋아하는
23598,나쁠
23599,없다고
23600,있겠죠
23601,슬프지만
23602,행복했답니다
23605,슬프지만
23607,행복했어요
23611,고맙습니다
23612,좋아하는
23613,고맙습니다
23614,있었기에
23615,엄청난
23616,고맙습니다
23618,멋있는
23619,고맙습니다
23620,신나는
23621,고맙습니다
23623,건강하고
23624,안전하게
23625,성공하길
23626,아쉽고
23627,슬플
23629,있겠죠
23632,행복하세요
23634,유명한
23635,새로운
23636,아쉽네요
23637,즐겁고
23638,흥겹네요
23640,재밌었어요
23641,재밌었어요
23642,재밌었어요
23643,멋있었어요
23646,스러웠고
23647,뛰어나셔서
23648,아쉬웠어요
23649,기대하고
23650,있겠습니다
23651,재밌께
23653,사랑스럽고
23654,밉지
23655,재밌었습니다
23656,아쉽네요
23658,재밌었어요
23659,완벽했던
23662,좋았던
23663,슬프네요
23664,행복했어요
23666,생생한데
23667,자랑스러워요
23669,새로웠어요
23672,새로운
23674,좋았음
23677,귀여웠고
23679,아쉬운거
23681,멀었지만
23682,괜찮아서
23683,거지같은
23684,행복하길
23685,행복했습니다
23688,아닌데
23689,색다르게
23690,재밌었어요
23691,좋았는데
23692,없었지만
23693,행복했습니다
23697,필요함
23698,그랬듯이
23700,있고요
23702,재밌어요
23703,신나는
23704,완벽한
23708,명백하게
23710,행복했다
23712,아닌가요
23713,즐거운
23714,화려하지
23715,화려하고
23717,즐거웠던
23719,답답하고
23720,힘든
23722,미쳤음
23723,귀여운
23724,같고요
23725,행복했어요
23727,좋아하던
23728,재미있어
23729,아쉽고
23730,즐겁게
23733,사랑스럽고
23734,순수한
23740,완벽한
23742,멋졌어요
23743,아쉬워요
23744,완벽한
23746,우아한
23749,독특하고
23751,재밌어요
23752,화려해서
23753,지루한줄
23754,아쉬워요
23757,멋졌고
23758,스러웠습니다
23759,계신
23760,높아
23762,멋졌고
23763,스러웠습니다
23764,계신
23765,높아
23767,멋졌고
23768,스러웠습니다
23769,계신
23770,높아
23772,멋졌고
23773,스러웠습니다
23774,계신
23775,높아
23777,즐거웠습니다
23778,재미있어요
23780,재밌었습니다
23781,재밌었어요
23782,아니시냐
23784,유쾌하고
23785,통쾌하고
23786,짜릿한
23788,섹시하셔서
23789,안될
23792,좋아여
23794,아쉽지만
23799,재밌어서
23800,재미있다는
23802,행복했어요
23803,새롭게
23804,잘생기고
23805,넘쳤던
23807,안좋아
23810,기대하겠습니다
23811,행복하게
23812,건강하고
23813,행복하게
23814,좋겠네요
23815,멋져요
23816,행복한
23817,무사히
23819,어려운
23823,즐겁고
23825,멋진
23826,있었던것도
23827,까말까
23828,안좋은
23829,가득한
23832,뿌듯합니다
23833,가까운
23835,많더라구요
23838,귀여우셨어요
23839,아쉬웠습니다
23840,짧고
23841,강렬한
23845,그렇듯
23846,훌륭하셨어요
23847,사랑스럽고
23848,멋진
23849,즐거웠어요
23850,넘치는
23851,즐거웠고
23852,흥겨운
23853,좋구
23854,귀여워서
23857,많으셨습니다
23858,즐겁고
23859,행복했어요
23865,정신차리니까
23868,좋게
23874,괜찮은
23878,멋집니다
23880,즐거운
23881,안되지만
23883,즐거운
23886,섹시한
23887,비싼
23888,필요없다는
23890,그런지는
23893,출중해서
23897,멋있고
23898,아닙니다
23899,재밌있고
23901,재밌는거
23903,시원하고
23904,신나고
23905,재밌는
23906,힘든시기에
23907,넘치는
23910,재밌었다
23912,흥미로웠다
23914,익살스러워서
23915,재밌었다
23916,예쁘신
23917,예쁘고
23918,예쁘셔요
23919,사랑스러우면서도
23920,새침하고
23921,희미해지면서
23922,유명한게
23923,아니었다
23924,비슷한
23925,풍부한
23926,깊고
23927,뻔한
23929,빠르게
23930,비슷한
23931,나열하는
23934,꼬이고
23935,정확해서
23936,성공하실
23937,멋있었음
23939,없네
23940,익살스러우면서도
23941,재밌는
23942,까만
23943,까만
23944,까만
23945,빨간
23947,위험한
23948,같았다
23950,넘치는
23951,멋있으셔요
23952,화려하고
23953,멋졌다
23958,현란하고
23959,섹시한
23960,갑작스러운
23961,엄청난
23962,빠르게
23963,아쉬었지만
23964,유명한
23969,기대한
23970,충분히
23972,엄청나더군요
23975,우울한
23978,유명한
23980,없었는데
23984,뛰어난
23987,완벽했습니다
23991,즐겁고
23993,높게
23994,만족스럽더라구요
23995,신났고
23996,아파도
23997,행복한
23998,이뻐요
24000,안되고
24001,아쉽네요
24002,좋았네요
24003,화려한
24006,있겠습니다
24008,발랄하고
24010,예쁘고
24011,사랑스러웠어요
24012,완벽했습니다
24013,아쉽네요
24015,다른건
24016,재밌구
24017,있구
24018,자리였어서
24021,안남아서
24022,아쉽네요
24023,즐거웠던
24026,재밌었어요
24027,좋아하고
24028,만족했습니다
24030,재밌었어요
24031,신선했고
24033,성장해서
24034,넘치는
24036,심각합니다
24038,즐겁게
24040,당연하고
24042,재미있었어요
24043,좋았
24047,같다는
24048,출중하시네요
24049,화려한
24050,없음에도
24051,없게
24053,화려합니다
24054,화려한
24056,그렇기
24059,깊었습니다
24060,재미있었습니다
24063,훌륭하고
24065,재미있었습니다
24068,화려하게
24070,없음에도
24071,지루하지
24073,색다른
24074,재미있었습니다
24075,완벽한데
24076,좋았는데
24081,아쉬웠어요
24082,아무런
24083,그러다
24084,아쉬웠어요
24087,재밌어요
24088,좋음
24089,짧지
24092,아쉬웠습니다
24093,좋지만
24095,아쉬웠습니다
24096,멋있네요
24102,힘든
24103,넘치는
24104,기대했던
24105,색다른
24106,아쉬웠는데
24107,좋았는지
24108,안되는
24109,넘친다고
24110,재미있게
24113,다양한
24114,아쉬웠다
24115,넘쳐서
24116,쓸데없지
24117,사랑스러운지
24119,사랑스러웠던
24122,맑게
24126,관대해지기
24128,다르다는게
24129,다양한
24131,힘들었다구여
24132,안되지
24133,자잘한
24134,흥겹고
24136,좋더라구요
24138,있어도
24139,신났어요
24140,아쉬워서
24142,맑고
24143,좋은지
24146,자잘하게
24147,쏠쏠하더라
24152,더어어
24154,완벽한
24158,귀여우셔서
24162,재미없게
24163,아니였었어요
24164,있는게
24165,아니겠어요
24168,놀라웠어요
24170,재밌었
24173,재밌었어요
24174,신나게
24176,멋지시다고
24177,반했습니다
24178,멋진것
24180,완벽한
24181,재미있었습니다
24182,궁금하면서도
24184,확실하게
24185,만족하고
24188,확실합니다
24189,좋구
24194,없는데요
24196,사랑스러운
24197,유명할까
24200,깊어지네요
24205,같았던
24207,멋지시고
24209,반해
24210,없었는데
24211,멋진
24212,좋게
24213,재밌었습니다
24214,화려한
24215,없이도
24217,가능하다는게
24218,신기하고
24219,멋집니다
24220,경쾌한
24222,시원한
24223,재미있어요
24224,없었는데
24225,신나서
24226,들떠서
24227,아니라면서
24228,있어도
24229,없다고
24230,아무런
24231,좋았지만
24232,좋았구요
24233,신기할만큼
24234,똑같은
24236,좋진
24238,생생히
24239,능글맞는데다
24240,가득한
24241,즐겁게
24242,유머러스함과
24243,진정한
24245,즐거웠고
24246,무사히
24247,좋겠네요
24248,재밌고
24249,멋있습니다
24251,성장한
24252,멋집니다
24253,즐겁게
24255,더운
24256,시원하게
24259,유명한
24262,재밌었어요
24263,재밌었어요
24265,실패해서
24266,진정한
24269,곱니다
24272,만족했던
24276,재밌었음
24277,특별한
24278,유명한지
24279,걱정스러웠지만
24280,짙은
24281,멋진
24282,즐겁게
24283,만족스러웠어요
24285,아쉬웠어요
24286,아쉽네요
24287,좋았다고
24289,깊었
24290,유머러스하구
24291,실없이
24292,쓸쓸하고
24293,찡해져서
24294,커다란
24295,즐거웠습니다
24296,노련함
24298,깊었습니다
24299,좋았음
24301,아쉽네요
24302,화려한
24304,멋진
24306,아쉽다
24307,깊은
24309,야합니다
24310,가능한
24312,좋았구요
24313,가능할까
24314,좋았는데
24315,아쉬운
24316,화려할
24317,그렇진
24318,같은게
24319,아쉬웠다는거
24320,만족했답니다
24321,아님과
24323,당연하고
24324,미친
24325,신나고
24326,화려하다고
24328,잘맞더라고요
24329,새롭
24330,재밌었던거
24332,좋앗고
24333,새롭게
24334,뿌듯하고
24336,좋더라고요
24337,기대할고요
24338,행복했
24340,아쉬웠다
24341,충분히
24342,같았는데
24343,필요할
24344,같지
24345,부러웠다
24346,대단하고
24347,멋지다는
24349,멋진
24350,대단했다
24351,있기도
24352,사랑스러
24353,있었다는
24355,같아도
24356,중요한
24358,좋지
24359,노래하거나
24361,있을지
24362,부족하다든지
24363,어색하다든지
24365,다를
24367,부족할
24368,있어도
24369,좋아하는
24370,같았다
24371,동일하게
24372,중요하다고
24376,선한
24378,사랑스러
24379,귀엽게
24383,좋다고
24385,없겠지만
24386,훌륭하게
24387,훌륭하셔서
24389,설렘이나
24390,신선함이
24391,부족하고
24392,단조로운
24394,완벽한게
24396,없거나
24397,훌륭한
24399,멋지게
24400,아쉬웠던
24401,멋진
24402,즐겁고
24404,완전히
24405,같다는
24407,훌륭한
24408,없었겠지만
24409,억지스러운
24412,있겠느냐는
24413,어려운
24416,어마어마한
24417,정확한
24418,필요한
24419,훌륭한
24422,있겠는가
24429,가능하지만
24433,야한다
24436,대단함이
24438,진해거담
24440,야하는
24442,같았다
24443,어떡해야하나
24445,다행히
24446,아니어서
24448,멋진
24449,반해서
24454,후회되네요
24457,반해서
24460,재미있었어요
24461,재밌었습니다
24465,재밌어요
24466,재밌을
24468,아쉬워요
24469,재미있게
24470,스럽습니다
24471,새로워요
24472,즐거운
24473,사랑스러운
24474,재미있었어여
24477,아쉬워서
24480,섹시하시고
24483,재밌고
24484,강해서
24485,재밌을
24487,희미하게
24489,안되는
24492,유쾌하네요
24493,귀여웠어요
24495,기대하던
24497,아쉬웠네요
24498,있으셔서
24499,아쉬웠
24501,잔망스러운
24502,능숙하게
24503,궁금하네요
24505,급하게
24506,없으실만도
24509,귀여우시고
24510,쏠쏠했어요
24511,멋진
24512,재밌었어요
24513,아쉬워서
24514,많으셨고
24515,멋있고
24516,재미있던
24517,멋졌어요
24520,재밌었습니다
24521,대단한
24522,같고요
24523,사랑스러웠어요
24527,재밌고
24528,특별했어요
24529,필요없는
24533,멋진
24534,없었지요
24537,많으시고
24538,멋지셨습니다
24539,지루할
24540,빠르게
24542,즐거웠습니다
24543,재밌었습니다
24544,아쉽지만
24545,궁금해서
24547,갑작스런
24548,있었는데도
24549,훌륭해서
24550,재미있게
24551,잘생기시고
24552,멋있으셨어요
24553,재밌어서
24554,놀랬습니다
24555,재미있게
24556,빵터졌어요
24557,지루하지
24560,반하고
24561,재밌는
24564,귀엽고
24565,다양해서
24569,재밌었습니다
24570,유명하고
24571,기대한
24574,좋았지만
24575,아니어서
24576,아쉬웠다
24578,재미있을까
24580,재미있었다
24581,후회될
24582,아프게
24583,없는게
24585,아니였으면
24586,안된다
24587,고셨구요
24588,설렘과
24589,엄청났습니다
24590,섹시하고
24591,화끈한
24593,섹시하고
24594,화끈한
24595,더라고요
24597,멋졌습니다
24598,미쳤더라고요
24603,강렬한
24604,깊고
24608,더건
24610,뛰어나고
24611,재밌고
24613,없겠지만
24614,없던
24615,재밌었습니다
24616,재미있어요
24619,기대하던
24622,화려해요
24623,신나게
24624,귀여워
24625,재밌어요
24627,재밌진
24629,아쉬웠어요
24631,재밌게잘
24632,아쉬운
24636,재밌어요
24637,재미있었음
24638,다르니까
24640,깊었음
24641,신나고
24642,재미있는
24645,완벽한
24648,대단하다고
24650,부당함을
24654,아쉬웠어요
24660,좋아하는
24663,멋지고
24664,멋지고
24665,즐거워요
24666,재밌어요
24670,화려한
24672,색다른
24675,멋졌어요
24676,훌륭한
24677,멋진
24678,멋있으시고
24679,사랑스러운
24680,아프니까
24681,유명하고
24684,신나서
24685,있었다는
24687,꾸준히
24689,어느새
24692,즐거워요
24693,더운데
24696,행복한
24697,재밌어요
24698,화려하고
24699,많네요
24700,재밌어요
24702,재미있어요
24705,멋져요
24706,좋을
24708,철저한
24709,아쉽
24710,입니당
24711,화려함은
24712,덜했지만
24717,어마어마하시더라구요
24718,엄청난
24720,즐거운
24721,힘드실
24722,멋있었고
24724,기대했는데
24725,미친
24726,대단하고
24728,귀여우세요
24729,미쳤더군요
24731,넘치시고
24732,재밌었어요
24733,들떴었는데
24736,재미있게
24739,좋을
24744,걸걸하고
24745,뛰어나서
24746,같구요
24748,없을만큼
24749,즐겁게
24750,야하는
24752,행복할
24755,재밌구요
24756,대단하네요
24758,신나고
24759,신나는
24761,재밌기도
24763,반해서
24765,행복했습니다
24766,재밌다던데
24767,완전히
24769,아쉽습니다
24771,아쉬운
24773,좋았음
24775,많음
24776,안전하게
24777,신나게
24778,멋있었습니다
24779,재밌습니다
24780,재미있게
24781,아쉬울
24784,미쳤어요
24785,재밌습니다
24787,자리는
24790,좋았을듯
24791,좋으셔서
24792,아니었습니다
24796,없으니까
24797,현명한
24799,재밌었고
24800,섹시하고
24801,안남았는데
24802,멋져요
24804,멋있었습니다
24805,좋았어서
24806,멋있고
24807,없는게
24808,안타까울
24809,멋있으시고
24810,힘들
24812,안남아서
24813,슬프지만
24815,익살스러우면서
24816,황홀한
24817,완벽하다
24818,아쉬
24819,신났고
24820,유명한
24821,아니었는데도
24822,재밌었
24823,섬세하고
24824,재미있게
24825,같지만
24827,좋아하는
24829,기대하고
24830,좋게
24831,편안하게
24832,아쉬운
24833,작아여
24834,그렇겠죠
24835,아쉬웠답니다
24836,좋았
24837,완벽해요
24838,신나고
24842,즐거운
24843,즐거운
24845,재밌어요
24848,새로운게
24849,행복해요
24852,새로운게
24853,행복해요
24854,재미있어요
24856,궁금해서
24858,화려한
24859,단순히
24860,있었나
24863,간단한
24866,간단한
24869,재밌었어요
24870,신났어요
24875,재밌었지만
24876,장난없더라구요
24877,재밌고
24878,같았고
24879,힘든
24881,좋아하는
24883,없던
24884,있구여
24885,재밌고
24886,같았고
24887,힘든
24889,좋아하는
24891,없던
24892,있구여
24893,재밌고
24894,같았고
24895,힘든
24897,좋아하는
24899,없던
24900,있구여
24901,화려하고
24902,재밌었습니다
24904,더라구요
24906,흡사하나
24909,흠잡을
24917,없었으면
24918,좋겠네요
24919,아니에요
24920,아니었음에도
24921,재미있었고
24923,재밌어요
24924,유명한
24925,설레는
24926,멋져서
24927,즐거운
24928,멋졌어요
24930,재밌었습니다
24931,화려한
24933,사랑스럽고
24935,아님의
24936,없었더라면
24937,화려하게
24939,계시다는
24940,실망할까봐
24942,재밌어서
24943,멋있네요
24944,귀엽고
24945,사랑스러워서
24946,미친
24947,괜찮았다
24948,멋있어요
24949,현란함
24950,민망한
24951,화려하고
24952,스러
24957,기대하겠습니다
24958,거지같아서
24960,새로운
24961,완벽하네요
24963,섹시함
24967,즐거운
24968,특별하지는
24969,즐겁게
24970,신나고
24971,재미있어서
24976,아름답
24977,어떨
24978,완벽한
24979,행복한
24980,멋졌어요
24981,재밌어요
24982,싫어
24983,재밌고
24985,곱니다
24988,섹시한
24989,신나게
24991,스럽고
24992,황홀해서
24993,벅차올랐습니다
24994,유명한
24996,재밌었지만
24999,빠르게
25003,야합니다
25004,필요없어요
25006,아닌데
25007,재밌었어요
25009,자연스러운
25011,다양한
25013,설렘을
25017,뛰어나다
25018,있던데
25019,초조함
25020,편안한
25022,엄청난
25023,아니었다고
25025,좋을
25029,상당히
25030,많음
25031,혼잡함
25032,간단하게
25034,많음
25035,기대했던것
25036,많으니
25037,좋았음
25038,노련함과
25040,능글맞음
25041,같음
25042,빠른
25046,대단하다고
25051,야하는
25054,힘들어서
25055,어려운
25057,지루하다고
25062,반하고
25064,유명했던
25066,넘치는
25067,신나게
25068,대단한
25069,계셔서
25073,없이도
25074,귀여우시고
25075,없고요
25076,완벽한
25077,멋진
25078,있나요
25080,행복했습니다
25081,필요합니다
25082,두근거리고
25083,설레는
25086,화려한
25089,멋져요
25091,유명한
25095,유명한
25099,멋지십니다
25100,세련되고
25103,재미있게
25104,재미있을지
25105,지루하지
25106,독특하게
25107,재미있게
25111,만족스럽구요
25112,미쳤습니다
25113,있겠습니다
25114,그럴만
25117,재밌습니다
25119,기대하고
25121,멋지고
25122,대단하세요
25124,재미있어요
25125,없러
25127,어느덧
25132,재밌던
25134,재밌었어요
25135,맑고
25136,사랑스런
25138,편안하고
25139,자연스러워요
25141,좋으신
25143,아쉬웠습니다
25144,가깝고
25145,아님과
25146,대단하고
25150,지루하지
25152,유명한
25153,다양하게
25155,그렇고
25159,만족하고
25160,멋있고
25161,훌륭하나
25163,멋있었습니다
25165,색다른
25167,울적한
25168,인하여
25171,없었는데
25174,다양한
25176,좀있네요
25177,재밌어요
25180,화려한
25181,없이도
25182,엄청난
25184,충분히
25188,멋있으시고
25189,반했습니다
25193,엄청나게
25194,화려한
25195,아님에도
25196,많아요
25200,화려한
25201,좋아하는데
25202,뒤늦게
25203,무사히
25204,있길
25208,좋아하는
25210,많아
25211,있었다니
25212,완벽한
25213,좋지
25215,재밌어요
25217,야하단
25218,분명히
25219,단순히
25220,야한
25224,좋으면서도
25225,아쉬운
25227,좋았는데
25228,있었거든요
25229,아쉬운
25230,좋더라구요
25232,있었는데요
25235,빠르다라는
25241,재밌었단
25243,있으며
25244,미천한
25245,아쉬워요
25246,멋진
25248,예쁜
25252,색다른
25253,있었구요
25255,신기했어요
25256,날카로운
25257,힘들겠구나
25258,새로운
25259,재미있게
25260,여리한
25261,새로웠어요
25266,멋지고
25267,재밌고
25268,재밌어요
25269,좋았는데
25270,기대하고
25271,없는것
25275,사랑스러운지
25276,사랑스럽고
25279,많으
25280,바쁘시더라
25282,좋겠다
25284,아쉽습니다
25286,아쉽습니다
25287,멋지고
25289,미쳤다
25290,재밌
25291,재밌어요
25293,착한
25295,나쁜
25296,착한
25298,나쁜
25299,착한
25301,섹시한
25302,훌륭했어요
25303,훌륭했어요
25304,재밌어요
25305,신나는
25306,재밌어
25310,귀엽고
25315,발칙하고
25316,재미있네요
25317,여전하네요
25318,기대했던만큼
25321,재미있었
25322,재미있었
25323,재미있었
25325,짠해서
25327,톡톡히
25329,작습니다
25331,갑갑해요
25332,가깝고
25334,그런거
25335,필요없네
25336,그럴만
25338,심한
25339,섹시함을
25341,단순히
25343,좋다가
25345,엄연한
25348,많구요
25349,지루했어요
25351,아쉬웠습니다
25352,잘생김
25355,강렬했어요
25357,즐거웠습니다
25358,힘들었지만
25359,재미있어요
25360,즐거웠어요
25361,재밌는
25363,멋있어여
25364,필요해
25367,멋있어요
25369,각박한
25370,소소한
25371,없을까
25372,깊은
25373,다양한
25379,망했어요
25380,좋았다는
25382,멋지십니다
25383,신나게
25385,힘들게
25386,재미있고
25388,재미있게
25393,멋지시고
25395,같긴
25401,풍부한
25402,행복했다
25404,즐거운
25405,멋있었어요
25406,유명하고
25409,행복했습니다
25410,없었던게
25411,아쉬웠을
25412,없었는데도
25414,가까운
25416,선하네요
25417,재밌는
25418,행복했습니다
25419,완벽했고
25422,단순히
25425,실패했던
25427,대견하지
25430,우울했는데
25431,재미있게
25433,대단했어요
25434,평범하지
25436,가벼운
25437,재밌었어요
25438,별다른
25439,특별한
25440,없었지만
25442,비싸고
25445,필요없어요
25446,어마어마합니다
25447,충분한데
25448,황홀합니다
25449,특별할게
25451,같은데도
25452,아쉬운
25454,쎈거
25455,있더라고요
25456,완벽했어요
25458,재미있어요
25459,아쉬웠습니다
25460,신나게
25462,반하고
25463,멋있으셨습니다
25465,좋겠습니다
25466,아쉽지
25470,계신
25471,없다는
25472,계시더군요
25474,재미없고
25475,계신
25476,아쉽지
25480,계신
25481,없다는
25482,계시더군요
25484,재미없고
25485,계신
25486,짜릿한
25487,완벽한
25488,즐겁습니다
25490,좋게도
25491,그럴수있어서
25492,헷갈릴
25493,탄탄하고
25494,시원시원하신지
25495,멋있고
25496,멋있고
25497,멋져
25498,대단하십니다
25499,멋있어요
25500,멋있는게
25504,궁금했다
25505,야하는
25506,멋있고
25508,즐거운
25509,아니겠지만
25510,멋있어서
25511,원했던
25512,강렬한
25514,궁금했다
25515,섹시함과
25516,안되는
25517,즐거운
25519,재밌었는데
25520,있었네요
25521,훌륭했어요
25522,재밌었지만
25524,아쉬웠네요
25525,훌륭했습니다
25528,아쉬웠습니다
25531,완벽한
25532,계시는지
25534,오래된
25535,넘쳐나는
25538,드문데
25539,즐거웠습니다
25540,신나고
25541,행복했습니다
25542,안전하게
25543,간절히
25544,즐겁게
25545,부탁드려요
25552,귀여운
25553,안되거나
25554,좋음
25557,재미있었어요
25558,신나게
25559,많이하고
25560,짤막한
25562,넘치게
25567,적절했던
25570,멋지셨다
25580,화려한건
25581,아니였지만
25584,좋게
25586,두근거렸다
25590,있지요
25592,가능하죠
25594,기대하고
25595,재밌고
25599,멋져서
25600,많았어요
25604,만족합니다
25605,완벽했습니다
25606,특별한
25607,성공했다고
25608,좋을까
25610,아님의
25611,멋지십니다
25618,멋있는
25619,멋있고
25620,유연하시고
25621,행복하네요
25623,화려하고
25624,멋있었어요
25625,즐거운
25626,멋있어요
25629,행복해지는
25630,좋았는데
25631,넘치는
25632,놀라웠다
25633,있었고
25634,만족스러웠다
25635,재미있었다
25636,못지않은
25637,자연스런
25638,뛰어나
25640,아쉬웠다
25641,깊지
25642,아닙니다
25643,곱니다
25646,아쉬울
25648,좋더라구요
25651,귀엽구
25652,깜찍하고
25654,넘치는
25656,있죠
25659,아쉬웠습니다
25660,대단하십니다
25668,신선하면서도
25670,짱짱하였구요
25671,좋았던건
25672,좋았다는
25673,많은데
25676,안남았다는게
25677,아쉬워요
25678,안남았다는게
25679,아쉬워요
25680,안남았다는게
25681,아쉬워요
25682,좋아하다
25684,힘들었지만
25685,행복했습니다
25687,완벽했습니다
25688,자세히
25690,사소한
25697,사소한
25698,있어도
25699,대단했었습니다
25701,바빠서
25705,있을진
25706,신나는
25707,반하고
25709,즐거웠어요
25710,무겁지도
25711,가볍지도
25712,진지하게
25713,가볍게
25715,아까웠습니다
25716,반하고
25717,기대하고
25719,스러웠다
25720,있다는게
25721,신기했다
25722,재미있게
25725,아쉬웠던
25726,작아서
25727,화려함
25729,섹시하고
25730,완전히
25731,완벽한
25732,신나는
25733,재미있어서
25734,필요할까
25735,재밌고
25737,완벽했어요
25740,행복해요
25741,훌륭하구
25742,멋졌어요
25743,좋아해서
25744,뻔했던
25745,아쉬운
25746,가까운
25747,재미있었다
25750,허전하지
25751,좋도
25753,편안하게
25754,재미있었고
25755,섹시하고
25756,화려해서
25759,재미있었다
25762,허전하지
25763,좋도
25765,편안하게
25766,재미있었고
25767,섹시하고
25768,화려해서
25771,재미있었다
25774,허전하지
25775,좋도
25777,편안하게
25778,재미있었고
25779,섹시하고
25780,화려해서
25783,유명한
25784,재미있었습니다
25786,지루한
25787,익숙한
25788,신선하게
25790,유명한
25791,기대하면서
25792,기대한
25793,만족했습니다
25794,완벽했고
25797,까말까
25798,재미있는
25800,흥미로웠습니다
25802,재밌는
25807,완벽한
25808,화려한
25809,필요없는
25810,흥미로운
25811,멋졌어요
25813,멋졌어요
25814,재밌어도
25816,행복합니다
25817,스럽습니다
25819,신기할
25820,즐거웠던
25821,좋아하셔서
25822,좋았네요
25823,재밌어요
25824,지루할
25830,가까운
25831,좋겠네요
25833,멋있어서
25834,아플
25835,완벽해서
25838,재밌었어요
25839,빨라진
25841,멀한
25845,시원하다
25846,섹시하고
25847,우아하고
25848,세련된
25849,치밀하고
25850,즐거웠다
25851,적당히
25853,생생하고
25854,두근거리
25855,건조한
25857,딱인
25858,많다
25859,딱이다
25860,웬만한
25864,서글펐다
25865,짠하게
25867,당하고
25868,머쓱한
25869,깊은
25871,같았다
25873,궁금하네
25874,있으시고
25875,좋게
25880,지루하면
25881,재미있어서
25883,지루하면
25884,재미있어서
25886,완벽했습니다
25887,확실한
25891,예쁘고
25892,좋겠습니다
25893,많지만
25894,짜릿한
25895,재밌어요
25896,유명한
25897,있었네요
25898,만족했어요
25899,즐겁게
25901,야합니다
25903,멋있었어요
25904,재미있지만
25905,재미있어요
25906,좋게
25908,고픈
25910,확실한건
25912,재미있었습니다
25913,탄탄해서
25914,좋았을
25916,아쉬운
25918,당당함이
25919,멋있었다
25921,재밌었구요
25922,없던
25923,신나는
25924,기뻤습니다
25925,부족하지
25926,있겠더군요
25927,좋아하지는
25929,상당하게
25931,즐거운
25932,행복했습니다
25933,만족스럽습니다
25934,재미있는
25937,재미있고
25938,연할
25939,멋져서
25940,유쾌하고
25941,재미있는
25942,재밌
25943,없었지만
25945,즐거운
25946,만족스럽다못해
25947,좋겠다
25950,미친듯이
25951,힘들었음
25952,아니었다
25954,싫어했는데
25955,사랑스러워
25956,미치는
25957,새로운
25958,짜릿한
25959,아쉬워요
25960,특별한
25961,그렇기에
25962,섹시한
25963,사랑스러
25964,좋아하는지
25965,재미있었습니다
25967,기대했는데
25968,미쳤냐고
25970,즐거웠던
25971,당해
25972,없었네요
25973,즐거웠던
25974,당해
25975,없었네요
25976,가득했던
25978,아니었구
25979,재미있었던
25980,당당하고
25981,아름다우며
25983,멋있어서
25984,귀엽고
25985,멋있고
25986,아닙니까
25988,영원히
25990,즐거운
25992,재밌습니다
25993,즐거울
25996,행복한
25998,즐거운
25999,야합니다
26000,야한다면
26002,재밌습니다
26003,있죠
26006,작아서
26007,아쉬운
26008,있긴
26010,신나게
26012,신났습니다
26014,멋있어요
26015,넘치는
26023,즐거웠어요
26024,원하는
26028,안좋아요
26029,재밌었어요
26031,새롭
26033,실패한
26035,멋져요
26036,화려해
26037,없는듯
26038,좋게
26040,아쉬웠지만
26044,부족하고
26045,부족한
26046,아쉬웠네요
26048,재밌어요
26050,재미있게
26053,좋으
26054,많아
26055,재미있었던
26058,유명해서
26059,지루하고
26060,새로운
26061,넓은
26062,당연했다는걸
26063,반해서
26064,쎄서
26065,재미있었어요
26067,어떡해요
26070,까말까
26073,까말까
26074,재미있는
26076,바쁘다는
26077,없었는데
26078,탄탄한
26079,아름다운
26080,화려한
26081,즐거운
26083,아쉽
26085,즐거워용
26086,유명하다
26088,유명해서
26093,원하는
26094,독특하다
26096,신선했다
26098,격렬하다
26099,아니야
26101,좁은
26102,신선하기까지
26103,유명한
26104,익숙하지
26105,현명하게
26110,재미있었다
26111,슬프고
26112,애절하기보다는
26113,즐겁고
26114,신난다
26115,지루해하지
26116,훌륭하기
26118,있기
26119,나열하려
26120,마라
26121,비싼
26122,불편하게
26123,시끄럽기
26124,급한
26125,마라
26126,없겠다
26127,없게
26128,비싸서
26131,애매하게
26132,월등히
26133,불편하기
26135,중요한
26141,좋다
26142,벅차서
26145,괜찮았어요
26146,빠르게
26148,섹시하고
26149,멋있는
26151,끝내주시네요
26153,작다
26155,힘겨
26156,뭉클한
26157,좋았겠지만
26158,자유롭게
26161,건강히
26163,멋있고
26165,힘드네요
26166,즐겁게
26167,완벽했을텐데
26168,힘드네요
26169,즐겁게
26170,힘드네요
26171,즐겁게
26172,멋있어서
26173,훌륭한
26174,아쉬웠지만
26175,완벽했습니다
26176,없나
26177,없었나
26179,멋진
26180,기대한
26184,다양하게
26185,멋지게
26187,고마워요
26188,싱숭생숭했고
26190,여리
26191,여리한
26192,대단했고
26193,많지만
26194,바빠
26198,화려하거나
26199,유명한
26201,부족할
26202,유명한
26203,충분히
26207,유명했습니다
26208,엄청난
26209,그랬어요
26210,신나는
26211,있었고
26213,어느덧
26215,좋아하는데
26220,신나서
26221,사랑스러
26222,많은것
26226,좋았으며
26228,설렘을
26234,그래가지구
26235,있냐구요
26236,차분하게
26237,아니였으면
26238,있으세요
26239,계시다면
26243,있을걸
26244,재밌었다
26247,있었는지를
26250,달랐구
26251,좋았
26253,있거든요
26254,아쉬웠지만
26259,아까울
26260,재밌었습니다
26261,재밌었습니다
26262,행복한
26263,많아
26264,행복했습니다
26266,즐거운
26267,궁금해
26269,신기한
26270,가득했다
26271,깊었고
26272,재미있는
26275,신기하면서도
26276,재미있었다
26277,어떨지
26278,좋았어서
26279,즐거운
26280,재밌어요
26281,행복했어요
26283,완벽하고
26284,미친
26285,멋있었습니다
26286,아쉬웠던
26287,긴박하게
26288,섹시하게
26289,급하다는
26291,아련하게
26293,완벽한
26295,능숙해지신
26296,행복했습니다
26297,없었는데
26298,엄청났습니다
26299,끝내줍니다
26302,멋집니다
26303,좋겠습니다
26306,좋겠어여
26311,재미있게
26313,좋게
26315,다르다
26318,넘쳤다
26321,새로웠는데
26323,좋았지만
26324,먼데도
26327,즐거운
26328,신선한
26330,궁금해지네요
26332,재밌어용
26333,유명한
26335,아니었지만
26336,벅차고
26337,설레서
26338,그런거
26342,까말까
26343,힘들었지만
26344,입니당
26345,유명한
26349,강렬해서
26350,깊었어요
26351,흐뭇하기도
26352,신나하면서
26354,있으니까
26355,좋더라고요
26356,성해서
26357,즐거웠던
26358,안되었던
26365,원하는
26366,재밌는걸
26367,있었다는거잖아요
26369,없었거든요
26371,힘들어지니까
26372,멋있었어요
26373,재밌
26374,안녕하세요
26376,이렇게나
26377,멋진거구나
26379,많았었거든요
26381,완벽했어요
26382,고맙습니다
26384,기대했었는데
26386,기대하며
26389,답답함
26391,행복했습니다
26392,없다가
26393,뒤늦게
26394,힘들게
26395,성공했습니다
26396,가깝다고
26397,자리였는데
26398,재밌었고
26399,흥미로웠습니다
26401,있었고
26402,즐거웠던것
26406,좋았던
26408,이쁘고
26409,멋있어요
26410,안되었지만
26411,신나게
26414,설레였고
26415,즐거웠다
26416,젊은
26417,많았고
26419,행복했다
26420,멋진
26421,재밌었고
26422,멋진
26423,얌전히
26425,아프도록
26426,뜨거운
26427,멋진
26428,재미있고
26431,멀어
26432,재밌어요
26433,재밌었어요
26436,안좋은
26438,만족했습니다
26439,재미있네요
26440,재밌어요
26442,재미있게
26443,대단한
26450,아닌가요
26452,아니니까
26453,신나서
26454,대단하십니다
26455,탄탄한
26456,아쉽지만
26457,사랑스런
26463,아쉽구요
26465,심하게
26467,역시였습니다
26468,스러웠어요
26469,완벽한
26471,설레고
26472,멋진
26474,비싸서
26475,야합니다
26476,단단한
26477,화려한
26478,특별한
26480,좋으셨고
26481,아쉬운
26483,만족합니다
26486,유명하던
26489,아쉬운
26490,원하는
26491,자리는
26493,그러던
26494,원하는
26495,재미있었습니다
26497,행복한
26504,지루했다
26505,흠잡을수
26506,대단하지만
26507,안좋았던
26508,지루하고
26511,안된듯
26513,아닌지
26514,힘들었고
26515,안되는
26519,좋아하는
26523,색달랐다
26524,간단했다
26525,남달랐고
26526,새로웠던
26529,신선했던
26531,간단하게
26532,신기했다
26534,무거워졌던
26536,멍청한
26537,짠했던
26541,넘치는
26543,좋았던
26545,아쉬웠지만
26549,멋있으셨으니까
26550,유연하시고
26551,멋지다는
26552,많다
26554,다름
26555,없으니
26559,가난한
26561,다를게
26563,가난한
26565,재밌었어
26567,단단하게
26568,있으니까
26569,젊은
26570,재밌었어요
26571,대단하고
26572,멋지고
26573,재밌는
26574,멋진
26575,행복하게
26576,재밌네요
26577,신나고
26578,있을지
26580,즐겁게
26581,반할
26582,계시다면
26583,있으나
26586,궁금합니다
26587,대단해요
26588,어려워서
26590,기대했었는데
26592,얼얼하고
26593,벅차서
26595,역시였고
26596,귀엽고
26597,멋진
26599,멋있었고
26600,화려하게
26602,아쉬웠지만
26603,젊어진
26605,무겁지
26608,넘치더라구요
26610,화려하고
26612,반해서
26618,있다가
26621,기대하고
26622,완벽히
26623,잔망스럽고
26624,미치더라고요
26625,좋았는데
26630,같기도
26631,행복했습니다
26633,슬프네요
26634,멋졌습니다
26635,재밌습니다
26636,재밌어요
26637,멋지고
26638,화려하고
26639,재밌었어요
26640,대단하게
26647,재밌어서
26648,가볍게
26651,입니당
26652,탄탄한
26653,궁금합니다
26654,작길래
26655,이상했는데
26656,같더라고요
26658,없는게
26662,좋아하는
26663,아니였는데
26666,완벽한
26668,완벽했습니다
26678,힘들었지만
26679,있었네요
26681,뿌듯합니다
26682,재미있었다
26687,어려웠음
26691,깊었다
26693,야한내용
26694,힘든
26695,힘든것
26697,재밌어요
26698,행복합니다
26700,만족스러웠습니다
26701,만족스러웠습니다
26702,재밌어졌을
26703,즐거운
26704,재밌어요
26705,완벽히
26710,즐거웠습니다
26712,서운하기도
26715,건강하고
26716,행복하시길
26719,멋졌습니다
26720,신나는
26721,가능한
26722,안타까웠다구요
26725,없었지요
26726,힘들었던
26727,피로함을
26728,즐거운
26729,탄탄한
26730,바빴네요
26731,아쉽지
26732,화려한
26733,낯설어서
26735,화려한
26737,멋졌어요
26738,화려한
26741,화려하고
26744,유명한
26746,화려하고
26747,재밌는
26748,재밌었어요
26749,있었고
26750,시원하게
26752,재밌었어요
26753,행복한
26754,단조로운
26755,화려함을
26756,힘든
26757,화려함
26758,더라구요
26760,이렇게나
26762,화려한
26764,아니네요
26765,완벽한
26767,멋진
26768,후회될
26769,멋진
26770,야할까
26771,힘들
26772,던거에
26773,설레이는
26775,순수하고
26776,사랑스럽지만
26777,넘치는
26779,아파요
26782,성장하고
26783,성장한
26784,자랑스럽고
26785,대견한
26786,멋진
26787,넘치시고
26788,엄청나셔서
26789,넘치지만
26790,넘치는
26791,멋져요
26792,넘쳐요
26793,궁금해지고
26795,신나고
26796,멋져요
26797,확실하게
26798,죄송할
26799,소심하게
26800,좋겟어요
26802,행복하고
26803,신나하시는게
26804,무사히
26805,행복하고
26806,건강하게
26807,좋겟습니다
26808,부족한
26809,좋았는데
26810,사랑스러워
26811,기대하던
26812,행복한
26813,없는건
26814,아쉽지만
26817,재미있었어요
26819,화려하고
26821,재미있게
26822,미쳤다고
26824,젊은거
26826,아니야
26827,재미있었어요
26828,귀엽고
26829,섹시하고
26830,멋진
26832,흥겹고
26833,즐거운
26835,행복했답니다
26838,재밌어요
26839,재밌어요
26840,재밌어요
26841,재밌었어요
26842,같던데
26847,있는것
26852,재밌고
26853,짜릿하네요
26854,유명한
26856,재밌고
26858,풍부하고
26859,즐겁고
26860,아프고
26861,쾌적하고
26864,그리웠고
26865,멋져
26866,슬프고요
26868,유명한
26869,좋기
26870,역시였습니다
26871,세련되고
26872,섹시하다
26874,재밌고
26875,섹시하셔요
26876,신기했는데
26877,신기하고
26878,멋졌어요
26879,섹시한
26881,멋진
26882,괜찮아요
26883,없어야
26884,재미있었는데
26885,색다르게
26886,재밌고
26888,신기하더라고요
26890,더주세요
26891,그래요
26895,멋있어요
26896,섹시하고
26899,만족해요
26900,재미있게
26901,기대하고
26903,멋있어요
26905,멋있잖아
26906,재밌고
26907,멋있거
26908,없는데도
26910,놀랬어요
26912,아름다운
26914,즐거웠
26915,멋지고
26916,아름다우셨습니다
26917,재미있었고
26920,재미있었고
26923,즐거웠습니다
26924,좋았구여
26925,완벽했습니다
26926,완벽한
26927,시원하게
26929,유명한
26930,화려한
26931,화려한
26932,없어도
26933,재밌고
26934,완벽하다
26936,없다는게
26937,슬프네요
26938,멋져요
26939,당당한
26941,설레
26944,있었네요
26945,좋아하던
26949,화려한
26950,실망할
26952,기대하는
26954,기대하고
26955,만족스러울
26957,멋있었다
26959,멋졌고
26960,넘쳤다
26961,같으면서도
26962,귀엽고
26964,재밌었다
26967,특별한
26970,필요없이
26972,행복한
26974,훌륭하고
26976,지루할
26977,훌륭해요
26978,아쉬웠던
26981,휼륭했지만
26982,탄탄한
26983,깊었어요
26984,사랑스럽고
26985,멋져요
26986,즐거운
26987,건강하게
26988,좋겠습니다
26989,새로운
26991,귀엽고
26992,멋지고
26993,섹시하고
26995,재밌었어요
26999,피곤한
27003,멋져요
27004,재미있었어요
27006,조하
27007,조하
27009,작아
27010,귀여웠음
27012,귀여웠고
27013,귀여웠다
27016,뿌듯하네요
27017,좋게
27018,유쾌한
27020,무겁지
27021,즐거워지는
27023,야할까
27024,힘들
27025,던거에
27026,설레이는
27028,순수하고
27029,사랑스럽지만
27030,넘치는
27032,아파요
27035,성장하고
27036,성장한
27037,자랑스럽고
27038,대견한
27039,멋진
27040,넘치시고
27041,엄청나셔서
27042,넘치지만
27043,넘치는
27044,멋져요
27045,넘쳐요
27046,궁금해지고
27048,신나고
27049,멋져요
27050,확실하게
27051,죄송할
27052,소심하게
27053,좋겟어요
27055,행복하고
27056,신나하시는게
27057,무사히
27058,행복하고
27059,건강하게
27060,좋겟습니다
27063,좋아하던
27064,부조리한
27065,끈적끈적하고
27067,완벽한
27070,원한다면
27071,치밀하고
27073,새롭게
27074,발랄한
27075,섹시함의
27076,넘치는
27077,재밌는데다
27080,좋아해서
27081,그러려니
27082,지루한
27084,멋졌습니다
27086,흡족합
27089,재밌었어요
27090,귀엽고
27091,사랑스러우니
27092,재밌습니다
27093,유명한
27096,귀여워요
27099,유명하지만
27101,있었던것
27106,재미있었어요
27107,멋져요
27108,작은거
27109,아쉬웠지만
27110,재밌었습니다
27111,즐거웠을것
27113,아파서
27114,아쉬웠습니다
27116,재밌었네요
27119,진지하게
27121,사랑스러우면서
27122,완벽하신거에요
27123,재밌어요
27124,재밌어요
27125,재밌어요
27126,재밌어요
27129,사랑스러워요
27132,있다지만
27134,비싸다고
27135,많지
27136,아깝다
27137,있었다는거에
27138,멋지셨어요
27139,짙고
27140,뚜렷해진
27141,짜릿함이
27143,사랑스러
27144,스러
27145,귀여워요
27146,재밌었습니다
27147,부드러운
27148,앙증맞은
27149,좋았어여
27152,생생함을
27154,아쉬웠는지
27157,있었고
27158,재미있어요
27159,새로웠습니다
27160,이런거였지
27161,아니라서
27162,화려한
27163,놀라운
27165,훌륭한
27166,확고한
27167,멋졌습니다
27169,좋았음
27172,멋지시고
27173,멋지셨어요
27174,행복했습니다
27175,자연스럽고
27176,부드럽게
27177,흠잡을
27180,부드러울
27181,부드럽게
27182,넘칩니다
27183,재밌어요
27184,만족해여
27185,유명한
27186,그랬던
27187,힘들었던
27189,같았고
27192,좋았아요
27193,재밌습니다
27195,재밌네요
27196,다양한
27197,좋았지만
27198,노련한
27200,재밌고
27201,행복하게
27204,없구요
27205,멋졌습니다
27206,똑같은
27208,조아요
27209,재미있었지만
27211,신나서
27212,화려한
27213,없었는데도
27214,허전함을
27215,충실히
27219,신남과
27220,새로웠습니다
27222,재미있게
27225,귀여웠고
27227,그렇고
27228,새로운
27229,새로운
27230,낯설면서도
27231,그리웠던
27232,낯설지만
27235,재미있
27236,안녕하세요
27237,우울한
27238,없더라고요
27241,자리는
27243,섬세하게
27244,아쉽
27245,우울하던
27249,없었을거예요
27250,새로운
27251,멋있고
27252,벅찼어요
27253,같더라고요
27255,있더라구요
27256,생생하게
27257,멋진
27258,귀여운
27259,반하고
27260,넘치는
27261,즐거웠습니다
27262,유명한
27263,유명한지
27264,좋앗어요
27265,나쁘지
27266,작아
27267,답답했어요
27268,있을까요
27269,좋아했었는데
27270,좋게
27271,잘맞았던
27273,매운
27274,기대했었는데
27276,재밌고
27277,멋있었어요
27278,멋있었어요
27279,좋아해서
27280,고픈
27282,신나게
27283,멋지더라
27284,만족스러웠습니다
27285,부은
27287,깊었다
27289,멋진
27290,기대한다
27291,좋아하셨어요
27292,멋있었어요
27294,쎄게
27295,빨갛게
27296,기대하고
27297,잘맞아서
27304,멋있어요
27306,설렘
27307,엄청났다
27309,반하고
27310,반하고
27311,반하고
27312,반하고
27313,짜릿해
27316,좋아하지만
27318,필요하
27319,개운해지는
27320,재미있었어요
27321,날카로운
27324,깊네요
27325,우울하고
27326,힘든
27327,멋진
27329,있죠
27330,그래요
27331,괜찮아
27332,멋있잖아
27334,짜릿하고
27335,멋집니다
27336,즐거운
27339,화려한
27340,소소한
27341,좋으시고
27342,재밌었습니다
27344,안쓰럽다
27345,안타까운
27346,훌륭한
27347,있으실거에요
27348,씁쓸한
27349,씁쓸하다
27351,미있는
27355,화려한
27356,혹독하게
27358,화려한
27359,재밌을
27360,있나요
27361,아니라는
27362,많지
27363,새롭게
27364,없을것
27366,짜릿해
27367,새로워
27368,재밌어
27369,멋있고
27370,화려한
27372,멋있었고
27374,아쉬운건
27375,빠른
27376,아쉬웠네요
27377,유명한건
27382,좋아했다
27383,재밌고
27384,재밌다
27385,신난다
27387,아닌가요
27389,만족스럽습니다
27390,건강하게
27391,실패하고
27392,아쉬웠는데요
27395,멋졌습니다
27396,아녔음
27397,반해서
27398,깜찍하고
27399,앙큼한
27400,재밌어요
27401,반해
27403,없던
27405,성해서
27406,좋아하지
27408,귀여웠고
27411,소중해
27412,예민하지만
27413,포근하셔서
27414,좋게
27415,재미있게
27416,멋진
27417,멋진
27418,행복했던
27420,있으시면
27421,급히
27422,서운하지
27423,더워서
27424,있더라고요
27425,시원해
27426,좋을거
27428,미쳤어요
27429,불안한
27430,있었음
27431,괜찮았고
27432,부족해
27433,중요한데
27434,아쉬웠음
27435,더웠던
27436,완벽했습니다
27438,완벽하게
27439,아쉬웠지만
27441,사랑스럽다
27442,강렬하고
27443,넘치는
27444,화려한
27445,중요하다고
27446,빠르게
27447,있을까요
27448,곱니다
27449,멋진
27450,정확하게
27451,아쉬웠습니다
27452,힘든
27453,멋진
27454,훌륭하시고
27455,멋졌습니다
27457,설렘을
27460,좋았던것
27463,멋있어요
27465,즐거운
27466,드라마틱하지는
27469,멋진
27470,멋졌어요
27472,기대했는데
27473,많은걸
27474,재밌어요
27477,있었네요
27479,유명한
27480,멋진
27482,가능한
27484,좋아하지만
27486,재밌는
27487,반하셨습니다
27488,반하구용
27489,새롭게
27490,젊은
27491,탄탄하고
27492,멋진
27493,새로운
27494,즐거운
27495,신나고
27496,신나서
27497,화려하지
27498,화려한
27500,재밌다고
27501,멋진
27502,꾸준히
27504,있는거겠죠
27505,화려한
27508,멋진
27511,좋겠네요
27514,넘치는
27517,좋더라구요
27518,멋있어요
27520,훌륭합니다
27521,기대한
27522,재밌었어요
27523,재밌는
27525,재미있게
27526,재미있게
27529,어렵지
27530,흥미로워서
27533,쏠쏠하구요
27534,애매한
27536,즐거운
27537,신나고
27538,넘치는
27542,비슷한
27543,자리는
27544,힘들구나
27547,만족하셔서
27548,뿌듯한
27549,미었었어요
27550,조아요
27552,재밌었어요
27553,재밌었어요
27555,멋진
27556,멋졌어요
27558,재미있었어요
27559,멋지고
27560,멋진
27561,재미있게
27562,즐거웠습니다
27563,재미있어요
27565,스러우면서도
27568,재밌어도
27570,멋있더군요
27571,재밌고
27573,재미있었어요
27575,신기하기도
27576,멋있었고
27578,화려한
27579,멋짐
27580,행복했습니다
27582,좋아하셔서
27583,뿌듯했네요
27584,잘생겼다
27585,넘치는
27586,재밌습니다
27589,반하고
27590,좋아해요
27591,미쳤다
27592,필요없다
27593,멋진
27595,재밌어하셔서
27596,뿌듯해용
27597,짜릿해서
27598,즐거웠어요
27599,없게
27600,완벽했던
27601,깊다
27606,멋있어요
27607,그래고
27608,멋있어요
27609,안남았으니
27612,멋있네요
27614,멋있었어요
27615,다름
27620,아쉬웠네요
27621,어렵다니
27623,기뻤는데
27624,멋지고
27625,재미있게
27626,멋있었고
27627,신났어요
27628,그렇다치고
27629,스럽습니다
27630,특별한
27632,만족스럽다고
27633,아니더라구요
27634,기대하고
27635,아쉽습니다
27636,재미있었습니다
27637,비슷하면서도
27638,화려한
27639,중요하다고
27641,유명한
27643,같단
27644,같기도
27645,미친듯이
27646,대단한지
27648,미쳐서
27649,같았고
27650,행복했던
27652,유명한
27654,멋있고
27655,완벽한
27657,만족했습니다
27660,아쉽네요
27661,좋으네요
27662,작았지만
27663,재미있게
27664,행복한
27665,즐겁게
27667,반하고
27668,만족했습니다
27669,귀여운건
27671,새로운
27672,만족하고
27673,재밌었어요
27674,안녕하세요
27676,비싸다고
27677,비싼
27679,즐거운
27682,반하고
27683,작아서
27684,가까운
27685,작지
27686,지루할
27687,재미있게
27689,유명하고
27690,유명한
27691,새롭게
27692,궁금했지만
27694,많지
27696,유명한
27700,아쉬웠던
27701,약하게
27703,좋았을듯
27704,완벽하세요
27707,있다는걸
27709,완벽하고
27711,멋짐
27712,즐겁게
27713,만족스러웠다
27714,힘들어서
27715,아쉽다
27717,필요없디
27719,조용할
27730,다양한
27731,충분히
27732,안되는
27735,훌륭한
27737,궁금해서
27738,괜찮았어용
27739,귀여운
27740,달랐오
27741,재밌었어요
27742,훌륭하고
27746,좋아하지만
27747,좋아하는
27749,행복한
27752,대단했습니다
27754,재밌고
27756,아님있고
27757,좋아해서
27758,엄청나게
27759,재밌었습니다
27760,가까웠다면
27761,재밌었을
27766,다르면
27768,새로워요
27769,흠잡을거
27772,멋지고
27773,섹시한
27774,없었지만
27775,발랄한
27776,어떨까
27778,매끄럽게
27780,유쾌하고
27781,즐거웠다
27782,섹시함에
27784,행복했다
27785,미치도록
27786,깊고
27787,즐거웠습니다
27788,재밌어서
27791,아니었고
27792,저렴한
27793,아니었기
27796,비슷한
27797,있어서는
27801,중요한
27804,노련함과
27806,적당한
27808,따뜻해지는
27809,멋있어요
27810,화려한
27811,멋있어서
27812,즐거운
27813,즐겁고
27814,행복했습니다
27818,완벽했습니다
27820,즐거웠어요
27821,더할
27822,탄탄한
27823,재밌었습니다
27824,재밌어서
27826,늘씬해서
27827,힘들게
27828,반했잖아요
27829,위험하시진
27830,젊어
27831,젊은
27837,중요하다는
27838,부족한
27839,없으니
27841,좋겠네요
27842,엄청난
27843,반해
27844,즐거운
27845,인해서
27846,짱짱하셔서
27847,힘든
27850,찰진
27855,아까웠는데
27856,익숙한
27858,완벽해서
27861,재밌었습니다
27862,좋았네요
27864,많더군요
27865,재미있어요
27868,자연스럽고
27869,멋짐
27870,자연스러워
27871,멋짐
27872,멋있고
27873,반하고
27875,새로운
27877,자연스러운
27879,힘들게
27880,성공하여
27882,가까이서도
27883,좋아하는
27884,좋아할
27886,설레는
27888,새로운
27889,멋졌으며
27892,즐겁고
27893,행복했다
27896,스럽고
27897,아플
27898,있으나
27899,멋있게
27901,좋아하는
27902,야한다고
27903,충분한
27904,완벽했어요
27905,깜찍해서
27906,없어를
27907,좋아했지만
27911,아쉬었지만
27917,재미있었습니다
27918,아쉽게도
27921,멀다
27923,유명한
27924,아니었다고
27926,특별히
27927,화려한
27928,멋집니다
27930,멋지고
27931,화려한
27932,멋지십니다
27933,있다는것만도
27934,많으면
27935,즐거운
27936,신나고
27937,재밌었습니다
27938,유명하고
27940,뿐일까
27941,어려워도
27944,없어하는
27945,재미있게
27946,좋아했어요
27947,궁금하다고
27948,그런데도
27949,행복해서
27950,설레네요
27951,힘들었지만
27952,즐거웠어요
27953,어마어마했는데
27954,야하다
27955,부럽더라고요
27956,유명한
27958,우울하지
27960,좋을
27962,만족스러워
27964,익숙한
27965,복잡하지
27966,귀엽고
27967,대단해요
27968,익숙한
27969,색다르더라고요
27970,설레던지요
27971,뻔했어요
27972,반했구요
27973,대단했구요
27974,멋있었어요
27975,멋지고
27977,행복한
27978,즐겁게
27979,우울하던
27980,멋진
27982,그렇게나
27983,멋졌어요
27987,무더워요
27988,안락한데
27989,구리네요
27990,많네요
27992,흥미롭습니다
27993,성공하여
27994,궁금하긴
27997,스럽고
27998,있나요
27999,가늘고
28000,탄탄한
28001,사랑스럽고
28002,귀여운데
28003,엉뚱하고
28005,미친
28006,가까운
28009,가깝게
28010,예쁘셨어요
28011,잘생겨
28012,귀여웠던
28013,체념하고
28014,좋으신
28015,아닌가요
28016,넘치게
28017,늘씬하시고
28018,성공해서
28022,재밌었습니다
28023,재밌고
28024,자연스럽더라구요
28026,재밌고
28028,안되는
28031,재밌는
28032,실망했음
28034,필요없네요
28035,어마어마했어요
28036,알차고
28038,충분히
28039,야하는
28041,재밌어요
28044,완벽하게
28046,아니였다면
28048,대단하시더라구요
28051,좋으니까
28052,강렬하다
28053,맑고
28054,반해
28057,귀여운
28059,작아서
28060,완벽한
28061,아니였어요
28064,아쉬울
28067,재밌는
28068,벅차게하는
28070,단순한듯
28071,단순함이
28073,야한다로
28076,즐거웠어요
28077,아쉬울
28078,좋더라구요
28081,대단하셨구요
28082,만족스러웠어요
28083,기대하고
28084,어마어마하십니다
28085,능글맞고
28086,멋있는
28093,기대하고
28096,행복한
28098,재밌고
28100,신나도
28101,즐겁게
28103,느린
28104,경솔한
28105,신나면서
28106,넘쳤고
28107,재미있는
28109,피곤했는데
28110,미워할
28113,즐겁고
28114,있을것
28116,계셔서
28117,신나는
28119,신나고
28120,경쾌한
28124,어렵게
28125,어렵게
28126,재밌어하셔서
28128,화려했습니다
28129,즐겁고
28130,즐겁게
28131,신나게
28132,즐거웠습니다
28134,즐겁고
28135,생생하게
28138,신나고
28139,섹시하고
28140,즐거운
28141,만족합니다
28142,신나고
28143,즐거운
28145,즐거웠습니다
28148,중요한
28150,미친줄
28152,신나게
28154,아니신
28155,사랑스러웠어요
28156,사랑스러운
28158,그렇죠
28162,진정한
28165,재밌고
28166,신나고
28167,벅차요
28168,벅참과
28169,가득했다
28171,스러울
28172,벅참과
28173,가득했다
28175,스러울
28177,상당하셔요
28179,재밌어요
28180,상당하셔요
28183,기대하고
28184,깊었습니다
28185,멋진
28187,없진
28189,좋았음
28191,조화롭게
28193,아무런
28195,아쉽습니다
28196,화려한
28197,없이도
28198,화려한
28201,기대했는데
28202,기대한
28203,즐거웠네요
28204,힘들었네요
28205,재밌고
28206,즐거웠습니다
28208,재밌어요
28210,재수없는
28211,엄청나구요
28213,없는것
28214,아닙니까
28215,탄탄한
28216,재밌다는거지
28217,안타깝고
28218,그래요
28219,변했으니까
28224,멋졌습니다
28226,즐겁게
28228,유쾌한
28230,있었을텐데
28231,아쉽네요
28232,즐거운
28233,만족스럽다고
28234,화려한
28235,기대한다면
28236,재미있게
28238,즐거운
28240,아쉬워지는
28241,가까운
28242,기대하고
28243,있을게요
28245,야합니다
28246,넘쳐요
28247,좋았고요
28248,착하고
28251,완벽한
28252,멀어서
28254,없어야
28256,재미있었고
28257,재미있었어요
28258,기대했었는데
28259,멋있었구요
28260,만족합니다
28261,만족합니다
28262,탄탄했는데
28263,아니며
28264,결연해
28266,짧은
28268,아쉬워요
28269,재미있고
28270,신나는
28271,좋았는데
28274,야한다
28275,있을듯
28276,황홀해
28277,대단하고
28280,스러
28281,곱니다
28282,좋았는데
28283,상당히
28284,아쉬웠어요
28285,느끼하신
28286,같으셔서
28288,멋지셨어요
28290,재밌어요
28291,짜증남
28292,아파요
28293,아찔했네요
28294,꾸준히
28295,색다른
28297,깊었습니다
28299,노련함이
28300,아니더라구요
28301,깊진
28304,섹시하고
28305,사랑스러웠어요
28306,만족스러운
28307,역시네요
28309,신선했고
28311,변함
28313,슬플
28314,기쁠
28316,아닌데
28317,귀여웠어요
28318,힘들어
28319,재미있었음
28320,계시구나
28321,피곤해서
28325,재밌었어요
28326,미쳤다라는
28328,없다라는
28329,변함
28330,없더라구요
28332,만족스러운
28333,다를
28334,없단
28335,완벽한
28336,멋진
28337,즐거웠습니다
28339,아쉬웠다
28340,자리는
28341,만족했으나
28342,실망했어요
28343,좋았는데
28344,아쉬웠습니다
28345,훌륭했어요
28346,놀라운
28347,기대했는데
28350,훌륭하시다는
28351,많던데
28354,자리는
28357,딱히
28358,필요없었습니다
28359,있었다면
28360,좋았을
28363,야합니다
28364,똑같은
28366,짜릿해서
28367,같음
28368,부탁드립니다
28369,미다
28370,신기하고
28371,대단하고
28376,소중했습니다
28378,멋있었습니다
28380,좋았구요
28381,즐거웠습니다
28382,괜찮았어요
28383,좋아하는
28385,안되는건
28386,좋아하는
28388,안되는건
28389,아쉽네요
28392,즐거웠습니다
28394,맛있는
28395,재미있어요
28397,화려하고
28401,훌륭했어요
28402,좋게
28403,있었어서
28404,행복하게
28405,좋았는데
28406,즐거웠습니다
28407,신나는
28409,있는거
28415,대단했습니다
28416,멋진
28417,완벽해서
28418,멋진
28421,재미있어요
28422,재밌어요
28424,미쳤어요
28425,싫지
28426,사랑스러운
28427,있을까요
28428,조아요
28429,좋아하는
28431,편안하고
28432,즐거웠어요
28433,훌륭하지만
28434,훌륭해요
28435,화려하고
28437,재밌어서
28439,신기하네요
28442,원하던
28443,성공한
28444,재밌었고
28446,아쉬운
28447,멋져요
28448,즐거운
28450,즐겁게
28451,많았구요
28453,완벽했어요
28454,아쉽네요
28455,지루하지
28460,기대했었는데
28462,좋았던
28463,만족스러운
28466,재밌어요
28467,퇴보했는지
28468,원하는
28469,두근거리는
28471,행복했던
28473,좋았기
28474,만족합니다
28475,즐겁게
28476,재밌음
28477,유명한
28478,추할
28479,아니었고
28482,신선했다
28483,탄탄한
28485,놀라웠다
28487,유쾌했다
28488,미쳤다
28489,재밌는데
28492,야합니다
28493,멋있었습니다
28494,없는데도
28496,값진
28498,많았습니다
28499,질서정연하게
28503,좋았
28504,많거나
28505,화려한
28506,아니었다
28507,중요하고
28508,멋있게
28510,새로운
28511,새롭게
28513,기대했던
28514,좋았던
28516,멋졌어요
28520,예쁩니다
28521,예쁩니다
28523,유명해지고
28524,유명해지고
28525,있었을
28527,유명해지고
28529,유명해진
28534,견고한
28535,계십니다
28536,있었으며
28538,노련함
28539,있으시고
28540,탄탄합니다
28542,칠하게
28543,잘생긴
28544,탁월한
28545,깔끔한
28547,완벽히
28549,조하
28552,어렵습니다
28554,불쌍한
28555,다양한
28556,조하
28557,역은
28558,가난하고
28559,우직한
28561,당하거나
28563,불쌍한
28565,짠해지고
28570,강렬한
28571,노란
28573,있죠
28577,다양하게
28578,변합니다
28584,끈적끈적한
28587,조하
28590,좋겠습니다
28591,간단하다
28593,신선한
28596,같았다
28597,느슨하게
28599,불쌍하게
28601,어떠했나
28603,미쳐가기
28604,미워했던
28607,노란
28611,유명했던
28613,진하고
28614,또렷한
28615,특이했던
28617,생생하게
28618,힘들겠구나
28621,즐겁게
28622,그러지
28623,유쾌했었구요
28624,멋지게
28625,대단해요
28626,아프거나
28628,대단하다
28629,그렇네요
28630,행복합니다
28631,대단하지
28633,화려한
28634,화려한
28635,진정한
28637,화려하고
28639,멋진
28641,재미있게
28643,단조로운
28644,지루하진
28646,많지
28647,재미있게
28648,궁금하다며
28649,재밌을거란
28651,더할
28652,화려하고
28653,멋졌습니다
28654,뜨거운
28655,행복하고
28656,멋있었어요
28657,멋지십니다
28658,화려한
28659,없이도
28660,재미있을
28663,설레였는데
28664,멋진
28665,멋진
28667,화려한
28671,행복했습니다
28672,완벽한
28675,멋진
28676,궁금해요
28677,즐겁고
28678,행복했습니다
28679,그러시겠지만
28680,즐겁게
28681,그랬지만
28682,멋있으시고
28683,신나서
28684,신나고
28685,재미있었어요
28686,재미있어요
28688,행복했다
28689,같았다는
28690,행복했고
28691,같았던
28693,원했다
28694,재밌었습니다
28695,재밌고
28696,즐거웠습니다
28698,신나는
28699,즐거운
28700,재밌는
28701,끝내줬어요
28702,사랑스러웠어요
28703,좋았고요
28704,그랬고요
28705,재밌어요
28706,만족스러웠다
28707,아닌고
28708,나빴다는게
28710,안좋아서
28713,좋았다는
28714,신기했다
28715,엄청난
28718,같다는
28720,계신다면
28721,강력하게
28722,지루할
28723,색다르고
28730,독특한
28731,좋았구요
28732,충분히
28733,재밌는
28734,노련한
28735,잔망스러운
28736,미친
28742,강렬한
28743,강렬한
28744,멋졌어요
28745,예뻐서
28746,생생해요
28749,있어도
28750,없다는
28754,신나고
28757,완벽해서
28758,즐거웠던
28759,많아
28760,기대했던
28762,없게
28765,미친듯
28766,사랑스러
28767,적절한
28768,훌륭한
28769,강력한
28770,대단했다
28773,좋아한다
28774,짧은
28776,설레고
28777,아름답다
28784,뛰어나
28786,대단하십니다
28788,뛰어난
28789,뛰어난
28790,풍부한
28791,탄탄함까지
28794,완벽한
28795,즐겁게
28796,멋있었습니다
28797,멋있었습니다
28798,재밌어서
28799,미쳤고
28800,좋아해서
28802,놀라워요
28804,부족한거
28805,없던
28807,재미있었습니다
28808,만족하였고
28809,아쉬워서
28812,빠른
28815,만족하였고
28816,아쉬워서
28819,빠른
28822,꾸준히
28824,화려하고
28825,멋있는
28827,찝찝함이
28828,멋있었어요
28829,깊은
28830,깊은
28831,아픈
28832,야한다며
28833,깊은
28834,만족한
28836,있었다니
28837,행복하고
28838,끈적끈적하고
28841,부족할만큼
28842,생생하니
28844,있답니다
28845,있어도
28846,없을듯
28848,아니니
28849,즐겁게
28851,좋게
28853,깊었습니다
28856,훌륭했지만
28858,좋아해서
28859,엄청난
28860,아쉬울
28862,만족스러운
28863,재밌었습니다
28864,반해서
28865,미쳤다는
28867,얼얼하기도
28869,재밌고
28871,가까운
28872,좋겠지만
28873,힘들다면
28874,높아서
28875,많아요
28876,아님의
28877,출중했어요
28878,즐거운
28879,계신
28881,즐겁고
28882,벅차는
28883,재밌어요
28884,유명한
28887,즐거웠어요
28888,완벽한
28889,새로운
28890,재미있었어요
28891,많지
28894,재미있었어요
28902,많다
28905,절묘한
28907,수상할
28911,신기했어요
28912,귀엽고
28913,사랑스러웠습니다
28914,멋있었어요
28916,아쉬웠어요
28919,좋아하는
28920,섹시한
28921,즐거운
28923,멋있었습니다
28924,재밌고
28927,좋다
28929,특별한
28930,화려한
28932,성하게
28935,궁금했는데
28937,새로웠어요
28938,즐거웠습니다
28939,강렬하게
28940,있었던가
28941,흥겹고
28942,멋있는
28943,화려하고
28944,멋있다
28946,달랐지만
28947,흥겹고
28949,화려했던
28950,멋있게
28951,멋있고
28952,특별한
28955,화려하고
28958,단조로운
28959,화려한
28964,멋진
28967,주도하는
28968,멋진
28971,강해서
28972,독특했고
28973,재밌네요
28974,강한
28975,재밌었어요
28976,안좋았
28978,좋았음
28980,어떻다는
28981,좋았음
28983,재미있게
28985,신나고
28986,재미있네요
28988,없었네요
28990,간단했고
28991,원하던
28992,즐거웠다고
28993,즐거웠어요
28995,좋아하는
28997,재밌고
28998,좋더라구요
28999,사랑스러웠어요
29000,기대하고
29001,기대하고
29002,좋다
29003,없는데도
29004,잘생겨
29005,분명하다
29006,아님은
29008,불과했다
29009,새로운
29012,멋있는
29013,가능하다고
29014,철저한
29015,깊었다
29016,잔잔함
29017,좋아한다면
29018,있기
29019,힘들
29020,좋았지만
29022,좋겠다는
29023,부족했던
29025,넘치는
29027,멋지고
29028,신기하네요
29029,자리는
29030,예뻐요
29031,다르네요
29032,섹시하고
29034,능글능글한
29037,재미있어요
29038,재밌어요
29041,넘쳐
29043,재밌습니다
29045,재밌어요
29046,신나고
29048,즐거웠습니다
29050,좋아할거
29055,재밌습니다
29058,만족해하고
29059,재미있게
29060,대단하고
29061,대단했습니다
29062,즐거운
29063,재미있는
29066,많았어요
29067,어색한
29068,딱이더라구요
29069,아쉬웠다면
29071,아쉬웠던
29072,좋지
29073,아까워
29074,없었는데
29075,아깝더라구요
29079,좋아하는
29080,소중합니다
29082,만족스러운
29083,피터지는
29084,좋았어서
29086,만족합니다
29089,반했습니다
29092,설레는
29094,재미있어요
29095,재미있었어요
29098,무겁기만
29100,좋으시고
29102,완벽했습니다
29105,멋져요
29111,스러우면서도
29112,넘치는
29113,눈부셨습니다
29114,진한
29117,조하
29118,비장하고
29119,비통한
29122,스럽고
29123,즐거운
29126,건강하고
29127,행복하세요
29130,행복한
29131,사랑스럽고
29132,귀엽고
29134,화려한
29137,적응해야
29140,힘들것
29142,씁쓸하지만
29144,좋겟어요
29145,새로운
29146,좋으나
29147,청아한
29148,좋을
29151,우울한
29153,풍부한
29154,화려하고
29155,즐거운
29157,화려한
29159,신나는
29160,재밌어요
29161,멋진
29162,재밌다
29164,가득한
29165,정신차리고
29166,씁쓸한
29167,궁금함도
29168,걱정스러운
29169,있었는데요
29176,신나게
29177,재밌어요
29178,익숙하면서도
29179,멋진
29180,적절히
29181,화려한
29184,좋지만
29185,재밌어요
29187,재밌어요
29189,멋진
29190,재밌어요
29191,재밌어요
29192,재미있어요
29193,사랑스러워요
29195,재미있게
29196,재밌다고
29197,뿌듯했는데
29198,완벽해지는
29200,완벽하셨지만
29203,대단하다고
29204,사랑스러워요
29205,미쳤고
29206,빠른
29208,좋음
29209,짜릿하고요
29210,재미있어요
29213,특이하게도
29215,중요한
29217,예쁜
29219,없었다고
29220,예쁜
29222,부패해
29225,곰곰히
29226,어이없어서
29229,안쓰러웠고
29230,우스웠다
29231,대단한
29232,자랑스러워요
29233,비슷한
29235,같기도
29239,슬펐다
29241,유일하게
29242,놀라운게
29245,아니었다
29247,아니라고
29248,괜찮을
29249,심하게
29250,괴로웠을듯
29252,그런데도
29253,예뻐서
29254,예뻐서
29256,미쳤다는
29259,힘들지만
29260,멋진
29261,예쁘시고
29263,만족해
29265,아니었으나
29266,좋아하는
29267,즐겁게
29268,넘치는
29270,그랬다는거
29271,같기도
29272,찰지게
29273,즐거운
29274,아쉬워요
29275,예쁘시고
29276,완벽했습니다
29277,아프지만
29279,완벽했습니다
29280,화려하고
29281,멋진
29282,완벽한
29283,재밌어요
29284,재밌어요
29285,유명한
29292,기대했던
29293,놀랬고
29296,더해지시고
29297,멋지신
29299,새로운
29301,엄청나게
29302,화려한
29303,없어도
29305,사랑스러워요
29306,훌륭해서
29307,기대할게요
29308,힘들었어요
29309,재미있
29310,미를
29312,재밌었고
29316,기대했던만큼
29317,재밌고
29318,즐거웠어요
29319,아님은
29320,예쁘시고
29321,멀었음에도
29325,멋진
29328,인한
29330,즐거운
29331,기쁜
29333,아쉬운
29334,완벽한
29335,가능할
29338,아닙니까
29340,당당히
29342,굳은
29343,그랬을까요
29344,좋으시고
29347,좋은지
29348,아니었으면
29350,아쉽습니다
29351,건강히
29352,완벽했습니다
29355,멋있었어요
29356,미있어
29357,생기발랄하고
29359,좋았구요
29360,아쉬웠어요
29361,완벽했어요
29363,뛰어났지만
29364,많아
29365,안타깝네요
29366,기대한
29368,아쉬웠어요
29369,없는것
29371,별다른
29372,완벽한
29373,예쁘고
29374,미친
29376,미친
29377,멋진
29378,멀어서
29379,괜찮았어요
29380,재밌었
29382,화려한
29384,재밌고
29385,탄탄하고
29387,예쁘시고
29388,귀엽고
29389,예쁘고
29390,조하
29391,예쁘신
29393,귀엽
29394,작아
29396,멋져
29397,섹시한
29399,뛰어나게
29400,재미있게
29401,색달랐지만
29404,훌륭하였당
29405,섹시하고
29407,아찔하고
29408,짜릿했다
29409,기대하면서
29410,재미있게
29412,행복했다
29413,두근거렸는데
29415,야하지
29418,같음
29419,넘쳐서
29420,없는것
29422,야하지
29423,괜찮을까
29424,그렇것
29425,같음
29427,좋았지만
29429,지루한
29431,같을수가
29434,좋으시고
29435,유일하게
29436,아프고
29437,그런듯
29438,같구
29439,즐겁게
29440,좋았음
29442,좋다
29443,계신다면
29446,뿌듯함
29449,즐겁게
29452,부족했던
29454,강렬하고
29456,소소한
29457,현란한
29458,즐거웠던
29459,깊었고
29463,흥겹게
29466,인한
29468,이렇게는
29469,안되겠다
29470,자리였다
29471,아니죠
29473,황홀하고
29474,벅찬
29476,훌륭한
29477,가득한
29479,완벽한
29480,즐거웠습니다
29481,없는데도
29482,지루하지
29483,신기했어요
29488,재밌네요
29491,좋으
29492,행복해
29493,좋으세요
29494,재밌다며
29495,신나는
29496,행복하게
29498,행복하게
29500,안될까
29503,좋았음
29504,재밌네요
29505,재밌었어요
29506,자리는
29507,가까워서
29509,좋았을텐데
29510,아쉽네요
29511,완벽한
29513,현란하게
29515,확실하게
29517,좋겠습니다
29518,멋지고
29519,훌륭했어요
29520,벅찼습니다
29521,벅차서
29522,꼼꼼히
29524,아쉬웠을
29525,만족스러웠어요
29531,나쁨의
29532,황홀했다
29533,스러울
29534,아낌없는
29535,멋진
29536,멋진
29537,가득한
29540,이뻐요
29541,재밌다는
29544,신선하고
29546,없었는데
29548,재밌었던
29549,같음
29550,딱히
29551,있긴
29552,안된다는
29553,좋을
29554,같음
29555,좋을듯
29556,뻔했다
29558,많았는지
29559,어마어마하게
29560,많았다
29561,쾌적하고
29563,좋겠다고
29564,싫어하겠지만
29566,스러워서
29567,뛰어났다
29569,완벽하게
29571,불편했지만
29572,힘들어하시긴
29576,재밌었어요
29577,재미있게
29579,재미있게
29581,재미있어서
29583,사랑스럽고
29584,귀엽고
29586,많으
29588,재미있었던거
29591,귀여우시고
29592,귀엽고
29595,있겠네요
29596,귀엽고
29597,깜찍하고
29600,스럽네요
29601,미쳤습니다
29602,빠른
29605,우울했던
29606,신나게
29607,훌륭했어요
29610,불편하긴하네요
29611,즐거운
29612,재밌다고
29613,새로운
29618,대단하다
29623,멀지
29628,같았는데
29629,다행히
29632,재밌고
29633,슬픈
29634,깊어서
29636,멋있는
29637,있을지
29639,귀여운
29641,반하고
29643,좋아하네요
29644,재밌고
29645,즐거웠어요
29650,재밌었어요
29652,새로운
29653,많아
29656,완벽했습니다
29657,깔끔하네요
29660,멋있더라구요
29661,뛰어났습니다
29664,던거
29666,많으셨습니다
29667,안되네요
29668,새로운
29669,성한
29670,즐겁고
29671,섹시한
29672,화려한
29673,멋진
29675,빨라지고
29677,명확하게
29679,다르지
29680,영원하라
29682,좁은
29686,사랑스럽고
29689,재밌어요
29690,다시없을
29691,힘들었지만
29692,재밌었습니다
29694,재밌어요
29695,찰지게
29697,강해
29698,불편했던
29700,끝내줬어요
29703,좋아하는
29706,사랑스럽고
29707,행복한
29708,귀여우셨고
29710,행복해지는
29712,아름다우시고
29713,잘생긴
29714,많은데
29716,멋있어요
29717,조하
29719,기대해요
29720,건강하게
29721,재밌고
29727,만족했어요
29729,대단해요
29730,재밌고
29732,괜찮았는데
29735,답답했었음
29736,사랑스럽고
29737,아쉬운
29738,있었고
29739,재미있게
29740,유쾌한
29741,좋더라구요
29743,아쉬워요
29744,있었고
29746,아까워
29750,재밌고
29751,즐거운
29754,자리는
29755,괜찮을까
29756,충분히
29758,자리는
29759,괜찮아
29761,좋아하더라구요
29764,기대했던
29767,유머러스하고
29768,평범한
29770,있구나
29771,가까운
29774,신났어요
29778,멋있었어요
29783,신나고
29784,재밌는
29786,원하는
29787,멋진
29790,아쉽지만
29792,정확히
29794,아닙니까
29796,행복해서
29797,힘들었던
29798,멋진
29800,익살스러운
29802,있는걸
29804,없고요
29805,귀여우시고
29806,멋있으셔요
29807,반해서
29808,좋으셔요
29809,멋있으셨고요
29810,대단하시다고
29812,짜릿함
29813,재미있었고
29814,좋아하는
29815,아님으로
29816,기대했었는데
29817,귀엽고
29818,섹시하고
29819,뿐이였어요
29820,예쁘시고
29821,멋지시고
29822,완벽했습니다
29823,완벽한
29824,즐거웠습니다
29825,멋있으세요
29826,사랑스러워요
29827,행복했습니다
29828,재미있었어요
29829,부족하지
29830,자연스러운
29831,있었구요
29832,짱짱하게
29834,아쉽네요
29835,좋을
29838,재밌었어요
29839,예쁘고
29840,자연스럽고
29841,예쁘게
29845,행복하니까
29846,신나는
29847,별다른
29848,없이도
29851,역시란
29852,멋있어요
29853,미흡한
29854,있긴한데
29855,역시더라고요
29857,계신
29859,행복한
29861,소중하게
29864,넘쳐서
29865,잘맞아서
29866,즐거
29867,대단하고
29868,대단하고
29870,없나요
29873,재밌어요
29874,재밌었는데
29875,신나네요
29876,재밌
29880,완벽한
29882,기대했던
29883,재미있는
29888,나쁘지
29889,편했어요
29890,힘들었어요
29891,사랑스러운
29893,반하고
29894,완벽했다고
29895,사소한
29897,만족스러웠습니다
29898,더해지니
29903,궁금하여
29904,아님의
29907,궁금하여
29908,완벽하게
29909,화려함은
29910,없었지만
29911,지루하지
29912,만족스러웠다
29915,사랑스러웠음
29916,엄청난
29917,유명한
29919,즐겁고
29921,스럽고
29923,재밌고
29927,좋으신
29929,귀여웠어요
29932,만족스러웠고
29934,있었던것도
29937,섹시하고
29939,재밌고요
29940,즐겁게
29941,멋지다
29943,자자한
29945,멋져
29946,현란한
29947,완벽한
29950,안되었는데
29952,새롭더라고요
29954,재밌다고
29955,궁금해서
29961,흥미로웠고
29962,멋지고
29963,그랬네요
29964,재밌어요
29967,없을만큼
29968,멋지고
29969,사랑스러우면서
29970,멋지고
29972,멋지고
29974,좋겠네요
29975,즐거운
29976,재밌어요
29978,있을까요
29979,벅차지
29980,가능한가요
29981,행복합니다
29984,힘들어서
29985,훌륭했던
29986,철저한
29987,좋았던
29988,좋아하는
29990,재밌네요
29992,풍부한
29993,신랄한
29994,즐겁게
29998,없을만큼
29999,노련한
30001,행복한
30005,마땅하다는
30006,아니었으면
30008,재미있고
30009,신기하고
30010,색다른
30013,계시구
30014,아니였어요
30015,재미있어요
30016,귀여워요
30017,솔직하게
30018,순진하고
30019,착하고
30020,귀여운
30021,사랑스럽네요
30023,강렬한
30024,즐거웠네요
30025,익숙했는데
30028,반했습니다
30030,신나게
30031,즐겁게
30033,훌륭하세요
30035,화려하지
30036,기대했던
30038,아쉬운
30040,멋지게
30043,예쁘게
30044,길었습니다
30045,즐겁고
30046,즐거웠던
30050,신나용
30051,다양한
30052,특별한
30056,좋았던
30058,역시구여
30060,다행히
30062,아니었네요
30063,충분했어요
30064,유쾌했고
30065,시원하더라구요
30067,행복할
30069,즐겁게
30071,아쉬운
30072,많았지만
30073,놀랬어요
30074,즐겁게
30075,미쳤습니다
30076,재밌었습니다
30077,재미있어요
30078,재밌었어요
30079,가깝게
30081,충분한
30083,즐거운
30085,멋진
30086,재미있었어요
30087,신나고
30088,즐겁고
30089,재미있는
30092,화려한
30093,좋아하는데
30097,화려한
30101,화려하진
30103,충분히
30104,없다는
30105,씁쓸함도
30106,만족하게
30107,대단합니다
30112,아쉽고
30113,조급해지
30114,멋있고
30116,즐겁게
30119,재밌고
30121,신나서
30123,신나게
30125,그랬겠죠
30126,묵직하지만
30128,대단하고
30129,훌륭한
30131,행복했습니다
30134,뛰어난
30136,있죠
30137,새로운
30138,즐겁게
30142,재밌었어요
30143,화려하고
30144,훌륭하고
30145,야합니다
30147,재미있게
30150,재미있어요
30151,좋았다고
30152,색다른
30153,있었네요
30154,기대하고
30155,스럽긴
30156,멋있었어요
30157,완벽한
30159,슬프지만
30161,아닌데
30162,있더라고요
30164,엄청나네요
30165,재밌었어요
30167,미쳤어요
30168,미쳤어
30170,조하
30171,이쁨
30173,잘생겼다
30174,신나는
30175,가득한
30176,유명하고
30177,꾸준히
30179,짜릿하고
30180,즐거운
30182,재밌어요
30183,조하
30184,즐겁게
30185,재미있게
30186,화려하진
30187,아쉬운
30189,느리다
30191,아쉬웠어요
30193,반했습니다
30195,새로운
30196,즐거웠습니다
30198,만족합니다
30199,완벽하고
30201,세련된
30202,행복했네요
30203,재밌었습니다
30205,멋있었고요
30207,가벼운
30208,새로웠고
30209,출중했습니다
30211,사랑스러웠어요
30213,오래된
30214,없을만큼
30217,사랑스러운
30219,만족스러웠어요
30221,계시는
30222,계시다니
30225,맛깔나는
30227,건강히
30228,행복했는데
30229,행복했어요
30233,귀여웠습니다
30237,기대했는데요
30240,재미있게
30241,깊었습니다
30245,완벽했고
30248,즐겁게
30249,사랑스러워서
30250,완벽하고
30251,원하는
30252,재밌고
30255,다릅니다
30258,멋졌습니다
30260,좋았구요
30261,생생한
30262,완벽한
30263,대단히
30264,스러웠어요
30265,좋았구요
30266,생생한
30267,완벽한
30268,대단히
30269,스러웠어요
30270,곱니다
30271,행복하
30272,미치셨나요
30273,똑같은
30274,미쳤어요
30280,노련함에
30281,곱니다
30282,재밌었어요
30284,원하던
30285,기대했던
30286,좋았던
30288,귀한
30289,행복했습니다
30290,다양한
30291,새로
30292,반합니다
30294,완벽한
30297,만족스럽습니다
30298,필요없고
30299,이쁘신
30300,아니어요
30301,다양한
30302,다양한
30303,다양한
30306,빨라지는
30307,만족스러웠습니다
30309,깊은
30311,넘치시고
30312,아니세요
30314,새로운
30315,아님은
30316,완벽합니다
30317,반하고
30318,아님의
30319,사랑스러워서
30322,같더라고요
30323,익살스러
30327,멋진
30328,즐겁고
30329,넘쳤습니다
30330,좋아하는
30331,신나는
30332,화려하고
30333,섹시함까지
30334,완벽하고
30336,미다
30337,미치듯이
30338,재밌어요
30340,재미있었다
30341,좋아하는
30342,실망한
30343,훌륭한
30347,완벽한
30348,좋다고
30349,좋다고
30350,있다가
30351,새로운
30353,재미있겠다는
30355,아팠던
30356,만족스러웠다
30357,재미있었고
30358,예쁜
30360,즐겁게
30363,즐겁게
30365,높아서
30368,재밌고
30370,행복해요
30371,필요한가요
30372,재밌었어요
30374,재미있어요
30377,화려한
30378,기대하시는
30379,적합하지
30380,있겠다는
30381,넘치는
30382,없이도
30383,충분히
30384,상당히
30387,소중한
30388,없고요
30391,작아서
30393,아쉽긴
30394,재밌었어요
30395,당했던
30396,아쉽구요
30397,미쳤습니다
30398,화끈한
30400,즐거웠습니다
30401,똑같은
30404,좋겠다
30405,탄탄하고
30406,즐거워
30407,완벽한
30409,안된다
30411,저렴하게
30412,익숙한
30416,있을거예요
30419,화려한
30422,안됬었습니다
30424,신나는
30425,화려한
30426,엄청난
30428,좋게
30430,좋게도
30432,유명한
30433,재밌네요
30434,없었지만
30435,어렵다는
30436,성공했고
30437,빠르게
30440,아님의
30441,사랑스러웠다
30443,신나는
30444,있는게
30446,높다
30447,지루했던
30448,평범한
30449,고맙다고
30450,짜릿해서
30451,화려한
30452,화려한
30453,좋아하는
30455,지루하게
30456,달랐다
30457,없이도
30458,있구나
30459,같았다
30460,신선한
30461,행복하다고
30462,있다가
30463,스러웠습니다
30464,완벽했고
30465,지루할
30466,아쉬워서
30469,재밌어서
30471,재밌었어용
30472,좋았어용
30473,멋진
30474,멋진
30475,상당히
30476,멋진
30478,멋있었습니다
30479,붉은
30480,가득하던
30481,찬란한
30482,멋있었습니다
30484,당해서
30485,사랑스럽습니다
30486,재밌고
30488,기대하고
30489,아쉬웠습니다
30490,행복하네요
30491,행복했습니다
30493,행복했습니다
30497,익숙한
30498,화려하고
30499,탄탄하게
30500,같다는
30501,새로운
30502,익숙한
30503,반가웠습니다
30504,역은
30505,불가한
30507,화려한
30508,아쉽다고
30509,있어도
30512,아쉽
30516,재미있고
30519,멋있다고
30524,아쉬웠습니다
30528,부담스럽
30530,멋있었고
30531,더라구요
30532,즐겁게
30533,대단했어요
30534,넘쳐요
30535,신남이
30538,좋았지만
30539,아쉬웠어요
30541,좋았아요
30542,궁금해서
30544,재미있었습니다
30545,힘들었는데
30546,힘든것을
30547,재미있었습니다
30548,재밌었습니다
30549,멋있으셔서
30550,쏠쏠해요
30551,넘치는
30552,탄탄한
30554,자세히
30555,없다는
30556,아쉬웠어요
30557,만족합니다
30558,역하신
30559,조하
30566,신기했습니다
30568,즐거웠던
30572,가까운
30573,즐겁고
30574,유쾌합니다
30577,신비한
30578,없던
30579,있구나
30580,즐거운
30581,즐거운
30583,귀여웠어요
30585,행복했습니다
30587,미쳤습니다
30589,입니다요
30590,가벼운
30591,있더라구요
30593,재밌어서
30596,대단하다고
30597,신선했다
30598,야합니다
30601,좋은데
30602,세련되고
30603,아름다운
30604,재밌었습니다
30605,필요없이
30610,기대할게요
30611,꾸준히
30613,어렵게
30616,어느덧
30617,남다르구요
30618,스럽고
30620,같지
30621,화려하진
30622,그래두
30623,재미있게
30624,완벽한
30626,신나고
30627,재밌어요
30629,반해서
30631,새롭게
30633,유명한
30634,기대한
30637,좋았는데
30638,좋더라고요
30641,벅찹니다
30642,멋지게
30643,고맙습니다
30646,얄미워
30647,얄밉지만
30648,밉지
30649,귀여운
30650,성공할
30655,고마울
30656,재밌었고
30657,멋있습니다
30658,가능하다면
30660,필요한것
30661,같았지만
30663,대단하지만
30664,어마어마했고요
30665,사랑스러운
30667,멋있는
30668,만족스러운
30669,아쉬워서
30672,야해요
30673,좋지만
30674,엄청난
30675,행복한
30676,좋았거
30677,즐겁게
30678,끝내주는
30679,행복하고
30680,즐거운
30682,행복한
30683,재밌고
30684,즐겁고
30686,깊습니다
30689,멋지고
30690,즐거운
30691,화려해지는
30693,유명하고
30697,흥겨웠습니다
30698,재미있으셨구요
30699,신나고
30700,재미있었
30701,소심하게
30703,있을꺼
30709,다양한
30711,있는거
30713,반하고
30714,어색한
30719,화려한
30721,심심하고
30722,지루할꺼
30723,같았는데
30724,아니요
30726,작았지만
30728,아쉬웠어요
30729,완벽했어요
30730,사랑스러웠고
30731,멋졌고요
30733,훌륭한
30734,멋져요
30735,아니에요
30738,대단합니다
30739,즐겁게
30742,재밌었어요
30743,재밌었어요
30744,멋진
30745,행복하였다고
30746,어떠한지
30747,있었네요
30748,있구나라는
30749,멋진
30750,멋진
30751,즐거운
30753,행복하였습니다
30754,있죠
30755,대단한게
30756,멋있는
30757,멋진
30758,아쉬운
30759,행복한
30761,씁쓸하지만
30762,달콤하고
30763,가득한
30766,반해가지고
30770,많은데
30772,강한
30773,활기차게
30775,즐겁고
30776,즐거웠습니다
30777,줄기차게
30778,영원하라
30779,아닌가여
30780,당해서
30781,유명한
30782,높았는데
30783,재밌고
30784,멋지고
30785,신나고
30786,만족했습니다
30787,성공하길
30789,황홀하네요
30791,완벽한
30792,있을까요
30796,즐거운
30797,없구요
30798,섹시한
30799,대단한
30801,좋아하시는
30802,재밌었다고
30803,좋아하셨어요
30804,좋아하시니
30807,좋지만
30809,멋진
30810,기대합니다
30817,좋게
30818,인해서
30819,아쉬웠는데
30820,비슷한
30823,흔한
30824,쾌적한
30827,귀엽고
30828,발랄하기만
30830,깊은
30832,슬퍼지는
30833,완벽한
30836,원하는대로
30837,즐거운
30838,좋게
30840,즐거운
30843,재밌는
30844,재밌어요
30845,사랑스러
30846,귀엽고
30847,사랑스러웠고
30848,좋았던
30849,부조리함을
30851,원하는
30853,이쁘게
30854,좋지
30855,실패하였지만
30856,재미있게
30857,아니였음
30860,즐거웠어요
30861,재밌었는데
30862,잔잔하더라고요
30863,좋았
30865,가까워서
30866,행복할수가
30868,멋진
30871,있는듯
30872,신나게
30873,신나고
30874,신나고
30876,행복한
30881,아니겠습니까
30882,반갑구
30883,행복했어요
30884,즐겁게
30885,미쳤음
30886,아니라는
30887,바람직해요
30889,영원히
30890,행복했어요
30892,좋아했습니다
30895,완벽한
30896,완벽했어요
30897,상당해요
30898,기대하던
30900,재밌어요
30901,조하
30904,재밌다
30905,재밌기
30906,있나요
30907,멋있고
30909,많아
30910,신나고
30913,신나게
30914,지루한
30915,빠르고
30918,신나게
30919,지루한
30920,빠르고
30924,좋아여
30925,좋아여
30926,좋더라도
30927,탄탄합니다
30928,멋있었어요
30930,재미있었어요
30932,어색한
30934,간지러울
30935,위험했습니다
30937,잘맞아서
30938,즐거웠어요
30939,예뻐서
30941,우울하신
30946,짱짱했던
30950,재미있었어요
30951,충분히
30953,다양한
30954,다양한
30957,재밌었습니다
30960,나쁜
30962,더해졌던것
30964,많아
30965,화려한
30967,화려한
30969,천진한
30970,신선했다
30971,재밌어요
30972,신나는
30974,색다른
30976,아쉽더라구요
30978,맛있어
30979,빠르게
30980,없겠지만
30981,행복한
30982,재밌어요
30983,신나는
30985,색다른
30987,아쉽더라구요
30989,맛있어
30990,빠르게
30991,없겠지만
30992,행복한
30993,재밌어서
30994,재밌어서
30996,불편함
30998,행복해요
30999,무거운
31000,재미있게
31001,재미있게
31003,뛰어난
31004,즐거웠습니다
31005,사랑스러운
31007,많지만
31008,재미있게
31009,단조로운
31010,화려하게
31013,넘치는
31014,신나는
31016,완벽하게
31017,있으실거예요
31018,만족하고
31019,기대했던
31022,완벽했습니다
31025,즐겁게
31027,그렇듯
31028,사랑스러웠고
31030,완벽한
31031,재미있게
31032,화려한
31033,허전하다고
31035,재밌어요
31038,좋으
31040,화려한
31042,필요없어여
31043,세련된
31044,작아서
31045,아쉽긴
31046,가깝게
31048,좋았던것
31053,화려하지
31054,화려한
31055,새로
31060,안전하게
31061,대단해요
31062,힘들다
31069,심해서
31070,아쉬웠습니다
31071,뛰어나서
31072,지루할
31075,있어도
31076,없을거예요
31077,낯설었는데
31078,더라구요
31080,멋있었어요
31083,멋있
31084,아니에요
31085,같고요
31086,즐거웠어요
31087,예쁘시고
31088,멋있고
31090,멋짐
31091,불편하실
31092,섹시하시고
31093,멋있고
31094,행복했던
31098,훌륭한
31099,행복한
31100,없다면
31102,재미있네요
31103,재밌었습니다
31105,새로워
31106,짜릿해
31107,휼륭하지만
31110,그런건
31115,재밌어서
31117,멋있고
31118,즐겁게
31120,즐겁게
31122,섹시한
31123,완벽해서
31124,완벽해서
31125,지루하지
31127,당연하듯이
31130,좋았던
31134,친절하시고
31135,재밌는
31136,좋다
31137,좋가
31142,좋았으나
31143,다른데
31144,많았어요
31145,아쉽네요
31147,시원하게
31148,재미있게
31149,부탁드립니다
31153,엄청나게
31154,위험하지
31155,멋지고
31160,시원한
31161,엄청난
31162,화려한
31164,완벽해요
31166,가까웠습니다
31167,아팠지만
31168,자세하게
31170,없었음
31171,좋겠다
31172,재밌으니까
31174,재밌습니다
31175,훌륭했습니다
31177,좋았는데
31178,행복해
31181,넘치는
31183,건강하시길
31184,기대한
31186,많아
31187,궁금했는데
31188,기대한
31190,많아
31191,궁금했는데
31192,어려웠네요
31193,멋지고
31194,완벽한
31195,화려하지
31196,화려하니
31198,굵고
31199,강한
31200,멋지세요
31201,없죠
31203,멋지십니다
31204,멋지세요
31205,새로운
31206,새로운
31208,새로운
31209,새로운
31210,완벽하게
31211,같았고
31213,만족스러워요
31214,다양한
31216,완전히
31217,몰두해서
31218,완벽한
31220,멋있었어요
31221,부으셨는지
31222,완벽해서
31224,아쉬울
31225,깊어서
31228,성공해서
31229,좋다고
31230,바쁘게
31235,사랑스러워요
31236,재밌어요
31239,좋아했던
31240,많았고
31241,심했습니다
31242,기대했던
31244,고마웠습니다
31245,새로운
31247,재밌었어요
31248,좋을거
31251,재밌고
31252,기대할게요
31254,재밌고
31255,재밌어서
31259,지루한
31260,꾸준히
31261,재밌고
31263,넘치는지
31266,신기했는데
31267,멋졌습니다
31268,어렵고
31269,우울한
31271,재밌는
31272,고마워요
31273,유머러스한
31275,유쾌하게
31276,같은것도
31277,있었네요
31279,생생해서
31280,좋더라구요
31281,많던데
31283,작은데
31285,답답하고
31286,아쉬웠어요
31287,영원히
31289,매끄러운
31291,좋았을
31292,그러질
31293,아쉬웠어요
31294,몰상식한
31297,좋겠네요
31298,아쉬웠던건
31299,안된
31300,아쉬웠습니다
31302,반해
31304,안좋고
31305,좋고를
31306,넘치는
31307,남달랐던
31308,안되는
31309,좋았던건
31310,유쾌한
31312,나쁘지
31313,좋아하고
31314,좋아하는데
31315,좋지만
31317,뜨거운
31318,다양하진
31320,놀라운
31321,화려하고
31322,거대한
31323,인한
31325,흥분한
31326,뿌듯하네요
31327,있었기
31330,멋있고
31331,흡사해서
31334,적절한
31335,어색하지
31336,자연스러웠다
31339,쓸쓸히
31341,사랑스럽고
31342,발랄한
31346,스러웠다
31347,시원하게
31349,행복했던
31350,재미있게
31351,좋았네요
31352,있는게
31355,넘치는
31359,즐거운
31360,어렵고
31361,좋게
31362,멋진
31363,노련한
31364,생생하게
31366,좋아하는
31369,역시였네요
31372,귀여우면서도
31373,섹시하고
31374,완벽했던
31377,좋아하는
31378,멋있으시고
31379,좋으십니다
31380,사랑스럽고
31381,사랑스러운
31386,지루할
31387,재밌어요
31388,설레네요
31390,아님의
31391,훌륭했습니다
31392,아름다웠습니다
31393,재밌어졌어요
31396,좋아하는
31398,신나게
31400,멋지고
31402,좋아하는
31404,신나게
31406,멋지고
31409,즐거웠으나
31410,아니었다
31418,좋겠다고
31419,멋졌어요
31420,재밌다고
31421,조화로운
31422,유명한
31423,좋아하시는
31424,재미있어요
31425,고프
31426,멋지구
31427,같아도
31428,기대했던
31429,재미있었습니다
31431,마르기
31432,완전히
31434,기대하며
31436,소소하게
31437,다르더라구요
31438,신나는
31441,즐겁고
31442,재미있어요
31443,근사하고
31444,조용히
31445,즐거운
31446,원하는
31448,신나는
31449,화려한
31450,만족스런
31451,재밌어요
31452,완벽했다
31453,기대하고
31457,힘들었을
31458,신났던
31460,좋아하던
31463,좋게
31464,가까운
31468,완벽히
31471,밉지
31472,있었기
31473,미쳤어요
31474,새로
31475,미쳤습니다
31476,완벽합니다
31477,완벽하게
31478,섹시하
31480,예쁘고
31481,고셨고
31482,어마어마했다
31483,재밌고
31484,유명해서
31485,재밌었고
31487,재밌어요
31488,역시더라구요
31489,즐거운
31490,멋진
31491,흠잡을
31493,없었던것
31495,멋진
31496,즐거운
31497,행복해하는게
31499,없었는데
31500,원하는
31501,힘들다
31503,안되나요
31504,좋았던
31507,발랄했고
31510,즐겁게
31514,훌륭했습니다
31515,재밌어요
31516,재밌아요
31517,재밌어요
31518,훌륭했습니다
31519,부족해
31520,불친절한
31522,아니었나
31526,미친
31528,만족스러웠고
31529,재밌었어요
31530,멋있었어요
31531,섹시함을
31532,있겠네요
31533,멋졌습니다
31534,굉장했습니다
31535,건강하게
31536,화끈한
31537,멋있어요
31539,재밌어요
31540,슬펐는데
31542,아니겠습니까
31543,행복한
31545,꾸준하게
31547,휼륭했고
31548,조화롭게
31549,신나고
31550,행복한
31551,고맙습니다
31554,분명함
31560,흥겨운
31561,완벽합니다
31562,재밌었어요
31564,재미있어서
31565,없었네요
31567,좋아해서
31568,유명한
31570,신중하게
31571,중요한
31572,중요하지만
31574,재밌고
31575,사랑스러
31576,가득하면서
31577,미친
31578,즐거웠던
31581,재미있게
31583,멋있다고
31584,좋아합니다
31585,성하게
31586,즐거웠습니다
31588,재미있는
31589,재밌었어요
31590,사랑스러운
31591,행복했고
31592,즐거운
31593,멋있구
31594,이뻐요
31595,사랑스러워서
31596,다르더군요
31597,행복했습니다
31598,부탁드립니다
31599,사랑스러
31600,인한
31602,즐거운
31603,좋아하셨어요
31605,재밌는지
31607,멋져요
31608,황홀한
31612,기대하면서
31613,멋진
31614,멋있었던
31615,멋있었어요
31616,행복했어요
31617,재밌어요
31620,신나고
31621,재미있는
31622,멋있으세요
31623,아닌것처럼
31625,예쁜
31627,어느새
31628,재밌었습니다
31629,꾸준히
31631,즐겁게
31633,아닐수
31635,재밌습니다
31636,깊고
31637,재밌었습니다
31638,깊고
31639,재밌었습니다
31641,벅차오름의
31643,멋졌어요
31644,대문짝만하게
31645,신나서
31646,멋졌어요
31647,멋지고
31649,지루할
31651,노련함에
31652,새로운
31653,그래지는
31654,섹시하고
31655,안될
31656,좋았네요
31658,같아선
31659,행복했습니다
31662,많으실
31664,성공해서
31665,멋졌습니다
31668,신선했고
31670,아쉬워요
31671,아니에요
31673,영원한
31675,멋졌어요
31676,조마조마하며
31678,멋있었고
31679,재미있었어요
31680,멋있고
31681,재밌더라고
31685,좋더라구요
31688,멋있고
31689,재밌
31692,있었
31693,까말까
31695,더라구요
31696,귀여운
31698,재미있었어요
31699,괜찮더라구요
31701,곱니다
31703,같았는데
31706,자리였는데
31707,야합니다
31708,행복했고
31709,멋있었습니다
31710,힘든
31712,행복했습니다
31713,설렜어요
31715,아쉬운
31725,더라구요
31726,아름답고
31727,대단하던지
31728,어렵고
31729,힘들텐데
31730,영원하다
31731,즐거운
31732,지루하지
31734,설레이는
31736,스럽습니다
31737,다양한
31738,아쉬워요
31739,벅차올라서
31740,삭막하다고
31741,조용히
31743,관대하고
31744,좋았지만
31746,신나게
31748,아리송한
31749,아쉬워서
31751,노련하고
31752,좋았도
31754,벅차오르네요
31755,좋을지
31757,미쳤
31758,재밌고
31759,멋있고
31763,있으셨지만
31765,멋있었다
31770,자리는
31771,재미있게
31772,아름답고
31773,멋졌습니다
31776,철저한
31780,아쉬웠던
31781,작아서
31783,아쉬운
31784,야하는
31785,힘든가
31788,있으신
31789,좋겠네요
31790,좋아했던
31791,만족스러운
31792,재밌었다며
31793,행복해하네요
31797,새로운
31803,멋져요
31805,멋져요
31808,재밌었어요
31809,즐거웠던
31811,재밌었어요
31812,즐거웠던
31814,멋진
31821,그러다
31822,유명한
31824,궁금한
31825,두근거리는
31826,유명한
31827,화려한
31829,성공하였다
31830,유명한
31832,있을지
31833,궁금해졌다
31834,무섭
31838,넘치는
31839,행복한
31840,섹시하구
31841,멋지구
31842,없게
31843,재밌
31844,지루한
31846,만족스러운
31848,기대하면
31849,기대하지
31850,안되는거
31852,덜할까
31853,재밌었어요
31855,불편함
31859,있죠
31860,좋았을
31861,같다는
31863,훌륭하시고
31864,아니라는
31865,신기했
31868,아니었어요
31872,깊었어요
31873,좋았던
31876,귀엽고
31877,재밌었구요
31878,좋게
31881,멀어서
31882,값진
31884,성공할
31885,있을지
31887,재밌네요
31888,완벽하고
31889,섬세하게
31892,대단했습니다
31893,멋진
31894,건강하세요
31895,아쉬웠어요
31897,대단하셔요
31898,멋져
31900,완벽한
31901,신기했어요
31904,재미있었습니다
31905,노련함이
31909,재밌어요
31910,탄탄한
31912,꾸준히
31913,신나고
31915,새로운
31917,즐거운
31918,같지만
31919,새로운
31920,실패하여
31921,만족합니다
31923,있을지
31924,넘쳐나는
31925,들떠있었습니다
31926,어떨까
31927,기대했습니다
31928,만족스럽고
31929,뜨거운
31931,신나서
31932,즐거운
31934,안전하게
31937,나쁘다는
31938,아닙니다
31941,더해진
31942,중요한
31943,아픈
31944,스러운
31945,완벽한
31948,비열한
31949,완벽한
31952,아쉬운
31955,재밌고
31957,행복한
31959,단조로울
31961,멋져요
31962,재미있게
31964,편하게
31965,생생하고
31966,멋지십니다
31967,재미있고
31968,신나는
31969,가득하고
31970,악랄하면서도
31971,멋진
31973,힘들었어요
31974,좋아하는
31975,있죠
31976,변함
31979,대단하셔서
31980,색다른
31981,귀엽게
31983,섹시함
31984,굵직한
31985,완벽한
31987,강렬해서
31990,훌륭했습니다
31991,덤덤하게
31992,멋있었어요
31995,미쳤다
31997,설렘이
32001,궁금하고
32002,신선한
32003,유명하고
32004,부족한
32005,사랑스럽고
32006,좋았으며
32007,만족한
32009,재미있고
32010,중요하지만
32011,중요하다고
32012,만족스러운
32013,없다시피
32014,단조롭지
32015,재미있어서
32016,신기했어요
32017,신나고
32019,반하고
32020,재밌었어요
32021,아프고
32022,잘생김을
32026,좋더라구요
32027,신나게
32028,안되는
32029,짠했고
32030,성공하면
32031,화려하지
32032,신나게
32033,대단하시구요
32034,익살스러
32035,사랑스러
32036,끝내주셨습니다
32039,화려한
32042,없으십니다
32044,좋으셔서
32049,빨라지고
32051,궁금해져서
32052,놀랬어요
32053,만족스러운
32057,만족스럽다고
32062,이쁘고
32064,필요없이
32065,완벽했던것
32067,재밌어요
32069,재밌어서
32071,재밌었어요
32072,화려하고
32073,섹시하고
32074,발랄한
32075,즐겁게
32076,잔망스럽게
32078,만족하고
32079,기쁘네요
32080,궁금하고
32081,추워
32082,엄청난
32083,부은
32084,재밌었어요
32085,유명하기도
32087,미인것
32089,화려한
32090,엄청난
32092,곧고
32093,멋지세요
32094,유연하게
32096,재밌습니다
32097,수많은
32103,성장하신듯
32105,더건
32107,좋겠네요
32108,좋답니다
32110,상당히
32112,귀여우시고
32113,귀여우신
32114,좋으시더라구요
32115,멋지십니다
32116,없게
32117,작습니다
32118,힘들게
32121,아님의
32122,반해
32124,시원하세요
32125,있으
32126,부족하신
32128,만족스러웠습니다
32130,사랑스럽다고
32134,완벽하시구요
32136,간드러지는
32137,그렇고
32138,그렇고
32139,깔끔하다는
32140,유명하셔서
32142,좋다고
32143,많으시다고
32144,힘드셨다고
32147,계셨기에
32148,있었다고
32149,성하게
32150,좋겠습니다
32152,찰진
32154,선명하게는
32155,가까운
32157,어려운
32159,멋진
32160,재밌었어요
32161,행복합니다
32163,유명한
32165,비싸거
32166,싫다
32167,비싼거
32170,그랬습니다
32171,좋아한다면
32172,야하는
32173,즐겁고
32174,좋았던
32175,좋아한다면
32176,야하는
32177,즐겁고
32182,불안한
32184,안전하게
32185,불쾌하긴
32186,멋지고
32188,즐거운
32190,재밌었어요
32191,신났는데
32192,신났어요
32193,기대하면서
32195,멋진
32196,만족했
32199,미쳤고
32201,행복하다
32204,설레는
32206,건조한
32210,달랐는데요
32212,궁금해졌어요
32214,넘치는
32216,화려하고
32227,괜찮음
32229,강렬해서
32230,아쉽고
32231,필요합니까
32237,넘치게
32239,대단하네요
32240,멋진
32241,벅차게하는
32243,단순한듯
32244,단순함이
32247,야한다로
32254,멋졌어요
32255,입니당
32256,재미있었고
32257,새로웠어요
32258,재밌었습니다
32259,엄청난
32261,힘들었어요
32262,재미있게
32263,가득하고
32264,즐거운
32265,유명하지만
32266,없었는데
32267,그랬나
32268,계신
32271,재밌고
32272,즐거웠던
32274,좋은데
32279,자연스러워서
32281,가득한
32282,멋진
32284,허무하고
32285,재미있는
32287,그득한
32288,특별한
32290,찌질할
32292,추해져도
32293,씩씩하게
32294,넘치는
32296,멋져요
32297,짜릿했습니다
32298,예쁘고
32299,다양한
32301,재미있고
32302,즐거운
32303,좋아합니다
32304,즐겁고
32305,행복한
32306,더군요
32307,완벽했습니다
32314,화려하진
32316,괜찮고
32317,만족스러웠습니다
32319,멋지신
32321,대단한
32322,미에
32324,당하게
32325,재미있는
32327,재밌었어요
32330,작다고
32332,궁금해서
32335,기대했는데
32336,완벽한
32338,아니네요
32339,있나요
32340,사랑스러
32341,사랑스러
32342,사랑스럽고
32343,사랑스럽고
32344,사랑스럽고
32345,먼데
32347,귀엽고
32348,신난
32349,귀엽고
32350,대단하신
32351,스러
32352,다르군요
32354,재밌어요
32357,행복했어요
32361,좋아하는데
32363,신나신
32364,멋있어요
32365,짠하고
32366,귀엽고
32367,좋아해서
32369,곱니다
32370,재미있게
32371,미친
32374,사랑스러운
32377,재미있고
32378,완벽했어요
32379,가까운
32381,완벽했어요
32382,익숙하고
32385,멋져요
32387,재밌었어요
32389,좋아해서
32393,완벽함을
32394,아프게
32398,즐거운
32399,멋있고
32400,만족스러웠습니다
32402,즐거웠
32403,예뻐서
32404,나쁘지
32406,아쉬울
32407,즐겁고
32408,재밌는
32410,흠잡을
32412,아름다운
32413,즐겁게
32414,훌륭합니다만
32415,다양했으면
32417,지루하지
32418,훌륭한
32420,불편함이
32421,없습니다만
32422,안타까운
32423,만족하고
32424,만족한
32429,넘치는
32430,사랑스러운
32431,반했습니다
32432,계시는
32433,특이한
32434,멋졌습니다
32436,많은데
32437,황홀했습니다
32438,좋겠네요
32439,영원하라
32440,재밌다
32441,재밌어요
32442,피곤한
32443,신나서
32444,피곤한
32445,신나서
32447,있더라구요
32449,좋은데
32451,좋아오
32452,즐거운
32453,멋지구요
32454,노래하자마자
32455,멋졌습니다
32456,훌륭한
32457,입니당
32459,아쉽긴
32461,넘치는
32462,넘치는
32463,잘생겼고
32464,귀여운데
32466,완벽해요
32468,실히
32469,끼부리는
32470,귀엽고
32471,예쁘고
32472,기대하고
32473,재밌는
32474,노련하게
32475,높았고
32476,즐거웠던
32477,행복한
32478,놀라운
32479,진실된
32480,중요한가
32481,귀엽고
32482,즐거운
32483,벅차게하는
32485,단순한듯
32486,단순함이
32489,야한다로
32494,멋졌지만
32495,완벽한
32496,미친
32497,필요하죠
32498,멋있으면
32499,감미로운
32500,재밌겠다
32501,가벼운
32502,무거운
32504,사랑스럽고
32505,잔망스러우며
32506,귀엽고
32507,엄청난
32508,넘치는
32509,넘치는
32510,야한다
32511,필요할까
32512,재밌다
32514,재밌어요
32515,멀어서
32516,불편함
32517,없게
32519,완벽했던
32520,멋있고
32521,재미있게
32524,좋으니
32526,자연스럽고
32527,맛깔나게
32528,소소하게
32529,새로운
32531,멋진
32532,행복했습니다
32534,즐거워하는
32535,행복해졌습니다
32538,나쁘지
32539,귀여운
32541,재밌어요
32542,길었고
32543,어마어마하게
32544,재밌어요
32545,아쉬웠음
32546,우울한
32547,재밌으면서도
32549,재밌었습니다
32550,재미있게
32553,성하고
32557,힘드네요
32558,좋은데
32561,있는것도
32562,멋지고
32563,싫어질
32565,출중한
32569,좋았으면
32572,있더라도
32574,황홀해지고
32576,사랑스럽고
32577,멋지시던지
32578,유명한
32580,슬프네요
32582,완벽한
32583,친절한
32586,만족했습니다
32587,완벽하게
32590,재밌어요
32592,덜했지만
32593,미쳐서
32594,행복하게
32597,부탁드립니다
32598,불편했어요
32599,사랑스럽고
32600,시원시원한
32602,섹시한
32604,아쉬웠지만
32605,미쳤어요
32606,사랑스러워요
32607,아니구
32608,급하게
32609,재미있었던
32610,스러웠습니다
32613,좋았던
32614,아쉬웠으나
32615,재밌었어요
32617,생생하게
32618,즐겁게
32622,없을만큼의
32623,완벽해진
32625,성공해서
32626,스럽고
32628,즐거웠습니다
32629,탄탄하다
32630,빵터졌
32631,귀엽고
32632,신선했어요
32633,성장해서
32634,좋을
32636,남달라서
32638,시원하더라구요
32639,멋있어요
32641,가깝게
32642,가까우니
32643,즐겁게
32646,멋지고
32647,대단하십니다
32649,멋있었고
32650,어떨까
32651,궁금해지고
32652,아니여서
32653,아쉬웠네요
32654,화려하고
32655,재밌어요
32656,넘치셔서
32657,귀여우시고
32658,신기해하며
32659,멋있어요
32663,놀라웠어요
32665,재미있다는
32666,성공하여
32667,기대한만큼
32668,재미있네여
32669,완벽했던
32670,계시다면
32671,설레이면서
32673,있었고
32674,깊었습니다
32676,행복하게
32678,우울했는데
32679,우울하지
32682,풍족한
32683,앙증스러
32684,유명한
32689,좋아하는
32691,실망하기
32692,완벽한
32694,멋져서
32695,놀램
32696,새롭게
32699,귀엽고
32700,사랑스러울거라고
32701,설렘
32706,친절함이
32710,다를
32713,좋게
32714,좋앗어요
32716,넘쳐나서
32717,좋앗구요
32720,대단하고
32723,사랑스러
32724,재밌었어요
32725,재밌었어요
32726,재밌었어요
32727,재밌었어요
32728,재밌었어요
32730,급하게
32732,아니었지만
32734,궁금해서
32738,능숙하고
32739,좋아습니다
32741,아쉬운건
32742,재미있었습니다
32745,멋있었고
32749,미쳤어요
32752,재밌었습니다
32753,행복했어요
32754,멋있었습니다
32756,멋지고
32757,미흡했지만
32759,유연하시더라구요
32760,마르셔서
32761,사랑스러우세요
32763,가까워서
32764,좋을
32767,멋지셔서
32768,힘드실텐데
32769,좋을
32771,궁금합니다
32772,작은것
32774,아니었는데
32775,뒤늦게
32776,좋겠습니다
32779,흥겨웠습니다
32781,자세히
32782,재미있었어요
32783,좋아하는
32789,스러울
32790,스럽습니다
32796,재밌는
32798,재밌었음
32800,새로웠어요
32801,새로운
32804,좋았지만
32805,멋있으셔서
32807,근사했어요
32809,귀여우시고
32810,근사해서
32811,피곤하고
32812,많은데
32813,행복한
32816,재밌어요
32819,성공해
32820,역시였고
32821,사랑스러운
32824,힘들어서
32828,황홀했던
32829,있다는거
32830,있다는거
32831,그랬으면
32832,좋겠습니다
32833,힘든
32834,건강하게
32835,좋아용
32845,섹시함
32846,단순한
32847,화려한
32848,우스운
32849,심오한
32850,익숙한
32851,넘치는
32853,재밌고
32858,많은데
32867,같은데요
32870,새로운
32871,멋진
32873,멋진
32874,재미있었습니다
32875,재밌었어요
32877,행복했어요
32882,멋진
32883,재밌어요
32884,재밌어요
32885,재미있게
32886,멋졌어요
32889,화려한
32891,완벽해요
32893,발랄하고
32896,좋더라구요
32902,재미있게
32903,어려운
32904,재미있게
32905,있었다고
32906,만족해
32908,재밌었어요
32909,멋있었고
32910,사랑스러웠어요
32911,완벽한
32912,많으셨습니다
32916,많이주세요
32917,멋있는
32919,다를
32923,심각한거
32924,아닌가요
32925,좋았
32926,반갑
32933,재밌었요
32934,사랑스럽네요
32936,신나게
32937,재밌었어요
32938,영원하다
32939,심히
32940,없겠죠
32941,재밌었습니다
32945,귀여워요
32946,사랑스러운
32947,화려한
32949,독특한
32950,재밌습니다
32951,아프고
32953,좋았어
32954,미침
32956,재밌어요
32959,소중하고
32961,사랑스러워요
32962,사랑스러워요
32963,멋있는
32966,화려한
32968,충분히
32969,멋있는
32970,미쳤네요
32971,귀엽고
32972,다양해서
32974,노련하고
32976,재밌어요
32977,역시네요
32978,재밌고
32979,없다는
32982,놀랬고
32983,산뜻했다
32985,미쳤음
32986,괜찮던데
32989,재밌네요
32990,완벽한
32992,재밌어요
32995,완벽했습니다
32998,직하는
33001,많았던
33004,기대한다
33005,비싼
33007,아니야
33009,재밌었네요
33010,재밌고
33012,순수하면서
33013,미워할
33015,귀여운
33016,재밌었고
33018,멋졌어요
33022,재밌고
33023,아까워요
33024,성한
33025,재밌기
33026,있나요
33028,재밌기
33029,있나요
33032,넘치는
33033,멋져요
33034,멋지고
33036,멋져요
33038,어렵다고
33042,없었지만
33044,새로운
33046,철저하게
33048,있었고
33049,기대하는
33050,간략한
33052,아니더라도
33053,성하게
33056,화려한
33057,기대한다면
33058,아쉬울
33061,새로운
33065,어떨까
33066,추하는
33067,화려한
33071,많구
33072,자리는
33073,좋지만
33076,화려한
33077,화려함이
33078,화려하지
33080,황홀했고
33083,화려한
33085,사랑스러운
33087,행복하고
33090,작았지만
33091,끝내줬어요
33092,색다른
33093,멋졌습니다
33096,멋지잖
33097,많다는
33099,마른
33100,분명했지만
33101,중요한
33102,충분히
33104,재미있게
33106,멋있으십니다
33107,자세히
33108,아쉽습니다
33111,발랄함고
33112,놀라웠고
33113,이쁘고
33114,멋있고
33117,가능하다면
33118,가볍게만
33119,가볍게
33121,젊은
33122,가볍고
33123,경쾌하지
33124,훌륭했습니다
33125,엄청났고
33128,훌륭했고
33130,행복해
33131,멋진
33132,좋아하셨어요
33133,멋진
33135,재밌어요
33136,재밌었습니다
33137,좋았지만
33139,아쉬웠어요
33140,좋안
33141,멋지고
33143,작았던게
33145,작았던게
33148,멋지고
33152,멋진
33153,색다른
33155,충분히
33156,있었던것
33158,흠잡을데
33159,재밌고
33160,아니어서
33161,가까워서
33162,많은데
33164,사랑스러우면서
33168,좋겠네요
33169,완벽하고
33170,귀엽고
33171,깜찍해요
33174,재밌어요
33176,재미있게
33178,멋있었음
33179,멋있었어여
33182,야해요
33183,능숙해지고
33185,풍부해지고
33186,자연스러워졌다는
33187,즐겁고
33188,행복한
33194,힘들었어요
33196,꾸준히
33197,성장하셔요
33198,가까웠더라면
33200,즐겁게
33201,충분한
33202,즐거웠습니다
33203,계신
33204,즐거웠습니다
33206,깊었습니다
33207,멋있었어요
33209,많았고
33210,없다는
33211,가능하다면
33215,재밌는
33217,필요없는
33218,반하고
33220,멋있고
33221,신나하시는게
33222,신났어요
33223,완벽한
33225,다르네요
33230,스러웠습니다
33231,바빴던
33234,좋아하시고
33235,행복해하시는게
33236,행복한
33237,있었어서
33239,행복한
33240,매끄러워지고
33241,넘치면서도
33242,사랑스러운
33246,섹시해요
33249,깊었습니다
33252,재밌었어요
33253,탄탄하게
33254,생생하게
33255,즐거웠습니다
33256,멋졌어요
33258,재밌는
33260,투명한
33267,답답했고고
33268,힘들었지만
33269,행복했고
33270,무사히
33272,즐거웠어요
33273,미쳤어
33275,엄청난
33276,기대하고
33277,실망하실
33279,가볍게
33280,유쾌하게
33282,좋았지만
33284,재밌다
33285,독특한
33286,특이하기는
33288,흥미로운
33290,좋았는데
33292,없다는게
33295,좋어요
33297,뜨겁고
33298,신나는
33299,멋있습니다
33301,화려한
33305,멋졌고
33306,좋지만
33307,괜찮은
33308,완벽했어요
33310,깊은
33312,힘들었던
33313,곱니다
33314,멋있네요
33315,화려한
33316,없어도
33321,괜찮아
33322,멋지잖아
33323,즐겁잖아
33324,멋있었어요
33327,특별한
33329,고였고
33330,멋져요
33331,즐거웠습니다
33332,뛰어나셨는데
33333,귀여웠어요
33335,멋진
33336,유쾌한
33339,없겠네요
33341,아름답습니다
33342,좋겠습니다
33343,완벽해요
33345,행복한
33346,완벽해요
33348,행복한
33349,야하는
33350,훌륭한
33351,훌륭한
33352,속상했습니다
33353,많으세요
33354,떠들썩하던
33356,대단한
33357,시원한
33358,아니었지만
33360,능글맞은
33362,싫어할려나
33364,안될
33365,어마어마한것에
33367,탄탄하고
33368,유명해질
33369,없는것
33371,아플
33373,기대하던
33375,기뻤고
33376,멋진
33377,없다는
33378,아쉽
33381,완벽하시고
33382,상당하시고
33383,행복한
33384,행복한
33385,신나게
33386,계신
33387,신나고
33389,재미있게
33390,능숙한
33391,완벽했어요
33392,넘치지만
33393,쓸쓸한
33396,기대했는데
33397,순진한
33398,순수함의
33399,사랑스러
33400,넘치는
33402,담백한
33403,아쉬웠습니다
33404,훌륭했습니다
33407,냉정하고
33408,무서운
33410,차갑게
33412,젊은
33413,따뜻한
33414,엄청난
33415,훌륭한
33417,즐겁게
33419,훌륭한
33421,재밌었어요
33422,깊었던
33425,설레이네요
33426,재밌었습니다
33427,엄청나게
33428,대단했던
33429,멋졌고
33430,멋졌습니다
33431,궁금하네요
33432,신났던
33435,행복했습니다
33437,새로운
33438,강렬하기도
33439,스럽
33442,강한데
33443,솔직해서
33444,친근했어요
33445,자연스러워서
33448,다르다고
33449,발랄한
33450,사랑스러
33452,많지
33453,충분히
33455,안쓰러웠어요
33457,지루할
33458,없게
33459,좋앗어요
33460,높앗고
33461,자연스러워서
33462,더라고요
33464,높아서
33465,좋게
33466,던거
33468,대단하다는
33469,조은
33471,엄청났습니다
33472,기뻐요
33473,힘들었는데
33476,잔망스러
33478,우울하셨던
33479,행복한
33480,좋겠습니다
33482,멋지게
33483,특별한
33484,없이도
33485,멋진
33487,시끄럽게
33489,편안히
33491,편안하게
33492,뒤늦게
33493,아쉽긴
33495,멋졌습니다
33497,좋아하는
33499,변해도
33500,변하지
33502,깊은
33504,없는거죠
33505,반해
33506,아무렇지도
33507,멋져
33508,뻔했어요
33509,원했어요
33510,멋짐
33512,멋지죠
33514,있었음
33516,고상하게
33517,멋졌습니다
33521,재밌어요
33522,사랑스럽고
33523,멋졌어요
33525,완벽하고
33530,좋게
33531,원하는
33532,기대했던
33534,신기했습니다
33535,지루하지
33536,없게
33537,화려함은
33539,화려한
33540,화려한
33541,없이도
33542,성한
33543,화려한
33545,치열하게
33546,탄탄하게
33549,멋짐을
33552,없죠
33553,새침한
33555,섹시하시죠
33558,행복한
33559,소중하고
33560,값진
33562,완벽하게
33563,심해서
33564,더리
33565,좋이요
33566,신나고
33567,재밌네용
33568,훌륭하고
33569,아쉬운게
33572,사랑스럽고
33573,섹시하세요
33575,반해서
33578,계신
33582,없는데도
33583,좋으시지만
33586,단순히
33587,행복했습니다
33588,우울했는데
33592,다양한
33593,좋아해서
33594,아쉬웠지만
33596,이쁘고
33597,멋지고
33598,섹시하고
33599,멋지더라고요
33600,뛰어나고
33601,아쉬웠습니다
33602,같다고
33603,대단하십니다
33604,재미있어서
33606,놀래고
33607,좋았음
33608,노련한
33609,벅차서
33611,약한데
33612,섬세한
33613,산뜻하게
33614,좋았음
33616,귀여운
33617,귀여운
33618,빵터져서
33619,자세히
33620,있더라고
33622,자세히
33623,많아
33624,즐거웠다
33627,기대했던
33628,기대하고
33630,아쉽다는
33631,많아
33632,걱정스러웠지만
33633,강했습니다
33634,굉장한
33635,영원한
33636,있구나
33637,가득해서
33639,훈훈하고
33640,있구나
33642,낯설지
33645,없구요
33646,재밌었어요
33647,행복했습니다
33648,멋지셨지만
33651,즐겁게
33652,이런것
33653,멋지고
33654,이쁘고
33655,재미있고
33656,아쉬울만큼
33657,신나고
33660,멋진
33663,유명한
33665,황홀하고
33666,행복해서
33669,야하는
33670,완벽한
33672,화려하게
33674,성합니다
33675,가득한
33676,반했고
33677,흐뭇했고
33678,빠르게
33679,지루한
33682,충분했습니다
33684,우울했던
33685,좋겠습니다
33687,신나는
33688,재미있다고
33689,신나게
33690,재미있었습니다
33691,멋졌습니다
33692,중요한
33694,즐거웠던
33695,엄청났습니다
33696,넘쳤고
33697,섹시한
33698,지루할
33700,재밌는
33702,귀엽고
33703,사랑스러웠어요
33706,풍부한
33707,황홀하구요
33708,있어지시고
33711,좋더라구요
33712,뛰어나셔서
33714,즐겁고
33715,발랄했던
33716,재밌어요
33717,새롭게
33718,멋진
33719,반해
33721,자리는
33722,어렵지만
33724,새로운
33725,강렬했던
33728,깔끔했지만
33729,아쉬웠어요
33730,반해서
33732,궁금했고
33733,좋았는데
33735,가득한
33736,탄탄한
33737,맛깔나는
33738,스러웠지만
33741,만족했습니다
33742,안될만큼
33744,즐거운
33745,좋았네요
33746,차디차게
33747,어이없는
33748,있구나
33750,아련한
33751,서글픔과
33752,훌륭했습니다
33753,힘겨워
33754,아쉬웠습니다
33755,기대한
33759,안될까
33760,좋답니당
33761,재미있었어요
33762,힘들지만
33763,화려하고
33764,세련된
33765,씁쓸한
33766,완벽했어요
33769,재밌고
33770,완벽해요
33776,좋아하지
33782,좋더라구요
33783,재밌었어요
33784,없다지만
33785,사랑스러워요
33787,비싼
33790,다양한
33791,쎄졌는데
33792,야함
33793,강하게
33794,좋았던것
33796,행복했다
33798,탄탄하고
33799,재밌다고
33801,성공해서
33802,즐거워하시는게
33803,행복했다
33804,스러
33805,재밌고
33806,재밌었어요
33808,놀랬습니다
33810,충실하셨습니다
33812,멋집니다
33814,드물어요
33817,재밌었데요
33819,똑같은
33820,있어지고
33821,자리는
33823,아프거나
33824,그러지도
33825,멀게
33826,반해
33827,완벽한
33829,단순한거에
33830,화려했어요
33831,대단하다는
33832,신나게
33833,동떨어진
33835,유쾌하고
33836,재밌는
33837,설레는
33838,멀게
33839,설레는
33840,멀게
33841,기대했는데
33842,뒤늦게
33844,없었지만
33846,완벽하게
33847,멋있어서
33848,아파요
33849,의하세요
33850,지루하지
33851,힘들었겠지만
33854,좋아했지만
33855,좋았
33856,재미있는
33857,행복하겠죠
33859,재밌어요
33860,없을까봐
33861,완벽한
33863,넘치는
33864,사랑스러웠던
33865,있는듯
33869,화려하고
33870,멋진
33871,즐거운
33872,낯설어
33873,좋아했어요
33874,익숙한
33875,즐겁게
33876,반가웠네요
33878,젊을
33879,열광하는
33881,완벽해서
33882,기대해
33884,설렜어요
33886,젊은
33888,설레서
33889,재미있었습니다
33892,신기했는데
33893,좋았네요
33895,멋진
33898,재밌고
33899,유명한
33900,재밌는데
33903,만족합니다
33904,느슨한
33907,새로운
33908,멋졌구요
33909,완벽했네요
33910,완벽하게
33911,기대했었습니다
33912,기대했던
33914,소소한
33915,있긴
33917,흥겹고
33918,재밌었습니다
33919,좋았구
33920,즐거운
33921,성공하거든
33922,멋진
33923,화려한
33924,없어도
33925,아쉬울것
33926,재밌는
33929,아닌지
33930,새롭게
33933,재미있고
33934,귀여우세요
33935,변하지
33936,엄청나네요
33937,놀라워요
33940,완벽한
33941,즐겁고
33942,흥겨운
33943,풍부하고
33946,가볍게
33948,원하는
33950,엄청나네요
33951,좋아하던
33952,아니었는데
33953,꾸준히
33955,훌륭하고
33956,재밌네요
33957,멋져요
33958,훌륭하네요
33959,재밌었어요
33961,행복하네요
33962,짜릿하고
33963,재미있어요
33967,재미있게
33969,신기하고
33970,대단하십니다
33971,젊고
33972,참신한
33973,좋다
33974,흡족하다
33975,없을까요
33976,바빠요
33977,즐거웠어요
33978,신기해요
33979,훌륭하고
33983,지루한
33984,출중하시고
33985,좋았어서
33986,좋아하는
33987,깊었어요
33988,기대했지만
33990,아쉽긴
33991,경쾌하고
33992,신났습니다
33993,멋지게
33994,느끼한
33998,있구나
33999,사랑스러
34000,발랄하고
34001,사랑스러웠습니다
34002,즐겁게
34003,장히시고
34004,행복했습니다
34006,야해서
34007,불편했습니다
34008,확실하더군요
34009,스러웠습니다
34010,좋았는데
34012,좋다
34013,이런건
34015,계시더군요
34017,강렬했고
34018,그러다
34019,바빴습니다
34020,좋게도
34022,잽싸게
34025,있었나
34027,아쉬울
34028,재밌고
34029,말라
34033,아니었는데
34034,가득한
34035,뻔했습니다
34037,급한
34038,느리게
34039,빠른
34040,신나는
34042,화려함에
34043,더해져
34044,독특한
34046,많지만
34047,없을것
34049,대단하시고
34050,대단하십니다
34051,부러워요
34052,입니다만
34054,지루하지
34055,아플
34056,신나서
34058,대단한것
34060,멋지고
34061,뛰어나
34063,편해서
34068,완벽한
34070,화려한
34073,능숙하시네요
34074,없구요
34076,완벽하다는
34079,화려한
34080,없어도
34081,즐거운
34082,더할
34083,완벽하고
34084,유쾌하고
34085,멋있으셨고
34086,유쾌함과
34087,반했습니다
34088,벅찬
34089,설렜는데
34090,설렘을
34091,만족한
34092,완벽했고
34093,힘든
34094,재밌고
34097,행복했습니다
34099,멋진
34100,우울하고
34101,혼미해지는
34102,통쾌하게
34106,있길
34107,재미있어요
34108,재미있게
34109,완벽한
34111,완벽한
34113,있는게
34114,멋졌다
34116,새로웠다
34117,아쉬웠다
34118,좋아하는
34120,미치지
34121,좋을텐데
34124,완벽했다
34125,아님의
34126,사랑스러워서
34127,궁금하다
34128,급하게
34129,멋졌다는
34130,어떨지
34131,멋있고
34132,재밌었습니다
34133,좋았고요
34134,즐거운
34136,뻔했네요
34137,좋아하는
34138,멋있었어요
34140,멋있었다네요
34141,다양한
34142,아깝고
34143,즐거웠어요
34144,화려한
34145,재밌었습니다
34147,발랄한
34148,귀한
34149,완벽함
34150,즐거웠고
34151,아쉬운
34152,있기
34155,어색한
34156,힘들었고
34157,즐거워지는
34158,화려한
34159,단순한듯
34160,화려한
34161,넘치게
34162,노련해질
34163,기대하며
34165,화려한
34166,멋진
34167,재미있어요
34169,화려한
34170,멋진
34171,재미있어요
34172,많은데
34173,많은데
34176,불편한
34178,완벽했습니다
34179,당연하고
34180,안되더라구요
34182,분명하게
34185,즐거운
34187,멋있는
34188,즐거운
34190,재밌었어요
34191,유명하여
34192,다행히
34194,기대하면
34195,안된다고
34196,멋진
34197,원숙한
34198,있었고
34200,대단했습니다
34201,당연한
34203,멋지고
34204,행복한
34205,지루할
34206,빠른
34207,기대했던것
34208,훌륭한
34209,즐겁고
34210,행복한
34211,좋았다고
34212,안되는
34215,훌륭했고
34216,황홀했습니다
34217,행복하던지요
34218,팍팍하고
34221,찬란하게
34223,뛰어난
34224,애처로울
34225,화려하게
34226,멋있었습니다
34227,멋있었어요
34228,완벽히
34230,완벽했어요
34233,완벽한
34234,행복한
34236,유연한
34237,이렇게나
34238,사랑스럽고
34239,귀여운
34242,강렬함이
34244,멋질것
34246,화려한
34247,중요한
34250,멋있다
34251,힘듦
34252,멋져용
34253,엄청난
34254,완벽한
34255,좋아용
34256,멋지고
34257,두근거리는
34258,재밌어요
34259,대단해
34260,안될
34262,재밌었어요
34263,연히
34265,좋을
34266,완벽했고
34267,황홀한
34268,진하게
34269,많은데
34271,아름다웠어요
34272,막연히
34274,탁월했고
34275,부드럽게
34277,노련한
34279,대단하십니다
34280,좋아하는
34282,멋지고
34283,완벽했던
34284,아름답고
34285,대단했습니다
34286,멋있었지만
34287,아낌없는
34289,힘들었지만
34292,그랬지만
34293,좋더라구요
34294,실패해서
34295,완벽하게
34296,편히
34297,있었답니다
34298,멋진
34299,즐거웠습니다
34300,원하는
34301,신나게
34302,반짝반짝해
34303,신나게
34305,행복한
34307,재미있게
34308,조용해서
34309,아쉬웠어요
34311,재미있었어요
34312,화려하고
34313,화려하더라구요
34316,재미있게
34317,재미있었어요
34318,재밌어요
34319,완벽한
34320,완벽하다
34321,기대하고
34322,달랐어요
34324,많았고
34325,멋졌어요
34329,더주세요
34330,아쉽지만
34331,괜찮아요
34332,반가워요
34333,계시던게
34334,엄청난
34335,반하고
34336,같은데요
34337,멋있습니다
34338,있기
34339,가능한거겠져
34340,멋있으시더라구요
34341,있는게
34342,미쳤답니다
34343,좋다구요
34344,좋아하는
34345,다행히
34346,편하게
34347,새로운
34348,계신
34350,색다르고
34351,좋더라
34352,많으면
34353,지루해지기
34354,아니랍니다
34355,지루하지
34358,미쳤구여
34361,있더라구요
34362,계신
34363,그랬답니다
34365,없나여
34366,숨막히고
34367,나쁘더라구요
34368,작았지만
34370,반했네요
34371,새로운
34373,화려하고
34374,즐거운
34376,뛰어나서
34381,좋아해서
34383,훌륭한
34384,화려한
34385,아닌지라
34386,지루한
34387,그러다
34388,미쳤어요
34389,대단한
34390,재밌었습니다
34392,아쉬웠음
34395,재밌어요
34396,어색하지만
34397,재밌었어요
34399,완벽하고
34400,사랑스러
34401,멋있어서
34404,멋있어요
34406,있는게
34407,행복하게
34408,상쾌한
34410,신났어요
34411,반했습니다
34414,시원시원하게
34416,그랬던것처럼
34417,화려하고
34418,화끈한
34420,즐거웠어요
34421,즐겁고
34422,즐거웠습니다
34423,멋진
34424,부탁드려요
34425,재밌었어요
34426,청순한
34427,끊임없이
34428,자연스러워서
34430,아쉬운
34433,화려해지는지
34436,스러
34439,멋진
34440,멋진
34441,세련되고
34442,멋진
34444,세련되다니
34447,있는것도
34448,새로
34449,유쾌하고
34451,다르다고
34453,미쳤어요
34454,힘들어
34455,좋으시고
34457,완벽하셨어요
34458,있으신
34460,사랑스러
34462,지루하지
34464,유명한
34465,사랑스럽고
34466,아니더라구요
34468,야했지만
34469,즐거웠습니다
34471,멀게만
34472,어렵고
34473,완전히
34475,있었고
34479,필요해요
34480,미쳐
34481,즐겁게
34482,있었던것
34484,즐거웠습니다
34485,재밌지
34486,멋지고
34489,좋아하여
34491,멋진
34492,아까운
34495,야할지
34496,행복한
34497,즐거운
34499,오래된
34500,훌륭하고
34504,즐겁고
34505,신나네요
34506,대단하다
34509,있는게
34511,좋아해서
34512,멋있는
34513,즐거운
34514,완벽했다
34516,행복했다
34520,재밌었어요
34521,있죠
34523,요란한
34524,화려한
34525,활발한
34526,경쾌하지만
34527,음울하기도
34530,섹시함
34532,암울함
34534,기쁩니다
34536,화려한
34537,가까우니
34539,신기했구요
34540,사랑스럽고
34541,재밌었습니다
34542,없게
34543,아깝다는
34544,재밌는
34545,아깝게
34546,즐겁네요
34548,화려한
34550,만족했습니다
34551,즐거워
34552,화려함
34553,멋있었고
34555,아니더라도
34556,지루하지
34558,있구나
34560,있겠네요
34561,멋졌습니다
34563,이런거
34566,만족스러운
34571,재밌구
34572,재미있게
34573,재미있게
34574,멋있어요
34578,재미있게
34579,만족스러웠습니다
34580,만족스러운
34581,완벽하시네요
34582,멋있어요
34583,완벽한
34584,재밌네요
34590,있어서도
34592,같구요
34593,슬프다
34594,섹시한데
34595,우아할
34596,있는건
34597,강인한
34602,황홀하네요
34604,기대하고
34605,즐겁게
34606,완벽한
34607,귀엽고
34608,신나
34609,즐거운
34610,재밌었습니다
34611,유명한지
34612,황홀한
34613,부족한
34616,재밌었어요
34618,좋다니
34621,재밌네요
34622,아쉬운건
34623,입니다만
34626,멋진
34628,완벽히
34631,사랑스러운
34632,있었던가요
34633,새로운
34634,사랑스러
34635,충분했고
34636,섹시했습니다
34637,완벽한
34638,매끄럽게
34639,연결해
34640,없죠
34642,행복하게
34643,거뜬하게
34644,건강하고
34645,멋진
34646,부탁드립니다
34647,멋지고
34648,멋졌습니다
34649,화려한
34650,아쉽네요
34651,허전할줄
34653,많네요
34654,아녔지만
34655,만족했어요
34656,이쁘고
34657,멋졌습니다
34658,완벽하고
34659,훌륭했어요
34661,새로운
34662,넘치는
34664,멋있고
34665,사랑스러우시고
34670,귀여운아기
34671,다른말이안
34672,멋있습니다
34674,좋았지만
34675,화려함을
34676,기대하기엔
34677,재밌어요
34678,반하고
34679,반하고
34680,완벽하네요
34683,좋아하게
34684,특별한
34685,야했습니다
34687,화려한
34688,멋있는
34690,역시였구요
34692,그만한
34694,스럽고
34697,섹시하고
34699,좋겠습니다
34700,좋았는데
34701,어색하고
34702,아쉬워요
34703,충분히
34707,신났습니다
34710,사랑스러
34712,좋아하는
34714,즐거웠어요
34718,부족하다
34719,재미있었고
34721,저렴한
34722,멋졌습니다
34726,많던지
34728,가까워서
34732,다양하게
34735,기대했던
34737,탄탄하시고
34738,단단하다는
34739,오래된
34740,가볍게
34741,어색하지
34742,섹시하고
34743,세련되고
34744,강렬한
34745,많아
34747,기대한
34748,재밌으니
34749,완벽했고
34750,적절했다
34751,당연하지
34753,자리는
34754,있거든요
34755,자연스러
34756,사랑스런
34758,유명한
34761,유명하지만
34763,좋았지만
34764,엄청난
34765,없게
34766,엄청난
34767,힘든
34770,안녕하세요
34772,어렵다고
34773,익숙했는데
34774,넘쳐나고
34775,사랑스러운
34776,사랑스러
34777,좋았는데
34782,완벽하다는
34783,미쳤습니다
34784,미쳤어요
34785,사랑스럽지만
34790,필요했나
34791,고맙습니다
34796,멋있는
34798,멋진
34800,어려운
34801,실망함
34803,그렇다지만
34804,민망하게
34807,어려운
34808,실망함
34810,그렇다지만
34811,민망하게
34813,순한
34815,노련한
34816,소소한
34817,재미있었네요
34818,멋진
34819,야한다는
34821,불필요하게
34822,야해서
34823,힘들었어요
34824,기대하며
34825,즐겁게
34826,완벽했어요
34827,같지
34829,무서울
34830,무서웠습니다
34831,재밌는
34832,있어도
34833,없다더니
34840,가능해서
34842,좋았답니다
34844,짧지만
34845,강렬한
34848,싫더라구요
34849,설렜어요
34852,넘쳐
34853,완벽한
34856,더라구요
34859,짠했어요
34862,고마워
34863,재밌고
34864,신선한
34865,많았아요
34867,재밌지만
34868,흥미로웠습니다
34869,신기했던
34870,신선했어요
34872,당당한
34874,신선하고
34875,재밌었습니다
34877,그러지
34878,신나고
34879,아깝다는
34880,행복했습니다
34881,깊은
34885,섹시하면
34886,귀엽고
34887,사랑스러웠구요
34888,신나고
34889,즐거웠어요
34890,멋지고
34891,신나고
34892,행복한
34894,힘들고
34895,흥미로워지고
34896,사랑스러워요
34898,좋았네요
34899,순진하고
34900,사랑스러운
34901,깨끗합니다
34903,훌륭한지
34904,안되는
34908,연약하면서도
34909,사랑스러운
34910,좋게
34914,만족스러웠습니다
34916,멋있었어요
34918,변하는
34919,적당히
34922,전화한
34923,시원시원한
34924,있자니
34925,유일한
34927,미지근한
34928,있지도
34929,기쁜
34930,짠한
34931,그렇게도
34935,건강히
34936,없었던지라
34937,멋진
34939,적당한
34941,맛깔나게
34943,미의
34945,사랑스러
34946,흐뭇하게
34947,엄청납니다
34948,더군요
34950,있는건
34951,사랑스러운
34952,얄밉지만
34953,얄밉지
34955,재미있게
34956,성장해서
34958,대견하고
34959,신나서
34961,있기만을
34962,색다른
34965,카랑카랑한
34966,좋아했던
34968,기대하는
34970,훌륭했지만
34972,좋았고요
34973,즐겁게
34974,새로운
34976,완벽하셔서
34977,맛깔나게
34978,힘드셨을텐데
34981,완벽했고
34985,아쉬웠지만
34986,없고요
34987,멋있어요
34988,귀여워요
34990,귀엽고
34991,뿌듯합니다
34992,훌륭합니다
34993,귀엽당
34995,대단하다
34996,재밌었어요
34997,많다고
34998,재밌더라구요
35000,재미있어요
35002,뛰어난
35003,지루할
35004,없었네요
35005,신선하고
35006,재미있습니다
35007,강렬한
35008,신선했다
35009,어떤지
35010,궁금함과
35012,만족한
35013,좋았지만
35015,역시네요
35017,있을지
35018,있었고
35019,자리는
35020,흥겹고
35025,행복했어요
35026,아쉽게
35027,재밌고
35028,엄청난
35029,대단하세요
35030,있다니까
35031,아팠지만
35032,아플만
35034,엄청난
35035,아픈
35037,능글맞은
35040,재미있게
35041,재미있게
35042,좋아해서
35043,재밌어요
35045,멋지십니다
35047,있었는데도
35053,좋아하는
35056,좋더라구요
35060,심했네요
35062,지루하더라구요
35063,뚱뚱한
35065,초라하더라구요
35066,이쁘고
35067,멋지고
35068,어려웠지만
35070,완벽했어요
35073,좋아해서
35074,신들린
35075,아쉽긴
35076,많았구요
35078,괜찮았는데
35079,심심하긴
35080,재밌습니다
35082,같았네요
35083,멋졌습니다
35084,아깝지만
35085,아까워
35087,유쾌한
35088,넘쳤습니다
35089,넘치는
35090,깊었습니다
35091,힘들지
35092,유쾌하고
35093,완벽했습니다
35094,신선했고
35095,아름다웠습니다
35096,재미있었습니다
35099,재미있게
35100,예사롭지
35101,짜릿했고
35104,있으시고
35105,있으셔서
35106,좋았답니다
35107,얄미울
35108,재수없는
35110,비참함
35113,그래지셔서
35114,훌륭하셨고
35115,좋았던
35116,다름
35119,그런지는
35120,풍부한
35123,아니었는데
35124,귀여우신
35127,멋있고
35128,재밌었어요
35130,귀엽고
35132,멋있었고
35133,깊었습니다
35134,재밌었어요
35135,주목할만한
35137,바빴고
35138,즐거운
35139,화려한
35141,다양한
35142,멋졌습니다
35144,시원시원하니
35145,좋으시고
35146,흔하지
35148,좋아했었지만
35149,새로운
35150,매끄럽고
35151,자연스런
35152,끼부리는
35153,완벽하니
35154,더군요
35155,사랑스러운
35156,성공하고
35157,통쾌하게
35158,성장하신
35159,기대하겠습니다
35160,멋졌습니다
35161,없었네요
35163,완벽하고
35164,넘치는
35166,재밌어요
35167,재밌습니다
35168,멋있으세요
35169,좋으셨던거
35172,안되지만
35173,섹시하셨어요
35174,어색한
35175,있긴
35176,귀여워
35177,섹시한
35178,깔끔하고
35180,특별함이
35181,멋진
35182,수수하고
35183,담백하게
35184,멋지십니다
35186,아름다
35187,고맙습니다
35188,버거워
35189,완벽하게
35190,부족했음
35191,있는거
35194,부족한
35197,완벽한
35198,없겠지만
35200,있구나가
35202,좋게
35204,생생하게
35205,있지요
35206,반가운
35207,멋진
35208,아름다
35211,좋겠습니다
35213,웬만한
35214,재밌고
35215,행복했어요
35218,행복했습니다
35221,멋있었습니다
35222,반했습니다
35226,만족스러운
35229,새로운
35230,지루하지
35231,즐겁게
35233,재미있게
35236,넘치시는지
35237,즐거웠습니다
35238,신났던
35239,유명한
35242,똑같은
35243,완벽했습니다
35244,사랑스러운
35245,필요없이
35246,야해요
35249,훌륭합니다
35250,괜찮았어요
35252,엄청난
35254,재미있게
35255,야하는것
35257,높지
35258,재미있게
35260,아니었습니다
35264,빨라
35265,어마어마했을것
35267,대단하다
35268,완벽하고
35269,대단하시더라구요
35270,부럽습니다
35272,멋진
35273,답답했던게
35274,완벽한
35275,더할
35276,소중한
35278,가득했던게
35279,소중한
35280,순한
35281,미친
35285,성한
35287,빠르게
35288,변하는
35289,허탈함
35292,기대하겠
35293,피곤한
35294,멋지고
35296,귀엽고
35297,재밌고
35298,사랑스럽고
35299,가까운
35300,만족하시고
35302,멋지고
35303,완벽한
35305,성숙하고
35308,좋았다고
35309,완벽했다고는
35311,뿌듯함이
35314,새로운
35316,좋을
35319,어색하고
35322,사랑스럽고
35323,귀여운거
35324,더잘
35325,비열한
35326,신기하고
35328,다름엔
35330,재미있게
35332,천진난만한
35333,다를
35334,묵직한
35335,만족스러웠으며
35336,만족스러웠습니다
35338,멋지게
35340,좋았으나
35341,아쉽네요
35344,완벽하셔서
35345,재밌었고
35346,재밌어요
35347,황홀한
35349,있었고
35351,벅차올라
35352,행복해졌
35353,완벽한
35354,완벽했습니다
35355,완벽하게
35358,있는거고
35359,자욱한게
35360,불쾌했어요
35361,필요할듯
35363,필요할
35365,미쳤고
35367,뻔했어요
35368,탄탄한
35370,발랄함을
35373,완벽했습니다
35374,즐거웠습니다
35376,조았어요
35378,재미있었습니다
35379,멋졌습니다
35382,없으셨어요
35383,흠잡을
35387,어색해
35388,아쉬웠습니다
35390,같긴
35391,넘치는
35392,기대합니다
35393,즐겁게
35394,재밌고
35397,흥겨운
35398,섹시한
35399,멋진
35400,세련되고
35401,멋있는
35402,새로운
35403,궁금해서
35404,즐겁게
35405,힘들것
35408,같은걸
35410,색다른
35412,굴려
35413,없고요
35414,없는건
35415,완벽한
35416,멋있어요
35417,상당히
35418,화려하게
35419,멋집니다
35420,안녕하세요
35422,바뻐서
35423,불편해서
35425,서툴고
35428,힘들어하고
35430,통쾌하였답니다
35431,있구나
35434,이런데
35436,상관없으니
35438,그러다
35443,답답한
35444,통쾌함을
35445,부탁드립니다
35447,넘치는
35449,화려한
35451,화려한
35452,독하던데
35453,좋겠습니다
35454,미치는지
35456,부러웠어요
35457,아니라고
35458,열렬한
35459,넘치는
35463,좋았다는
35466,넘치는
35467,부럽
35468,무서울
35469,힘들고
35470,있겠지만
35472,설렘을
35473,있었고요
35474,노련한
35476,궁금하네여
35477,영원한
35479,멋있습니다
35480,사랑스러웠고
35481,얄미웠어요
35482,궁금하네요
35483,충분한
35485,두근거렸
35486,답답했던
35487,생생하고
35488,놀라웠습니다
35489,대단했어요
35491,가깝게
35492,멋진
35494,알찼습니다
35495,멋있고
35496,어떡함
35498,멋있고
35499,재미있어요
35500,화려한
35501,즐거워하는
35502,좋았네요
35503,즐거웠습니다
35504,재밌음
35505,궁금함
35506,귀하게
35508,만족스러웠습니다
35509,유명한
35510,재미있었어요
35513,별다른
35514,없이도
35517,재밌고
35518,나쁘지
35519,설레고
35520,만족하고
35521,있는게
35522,아니더라구요
35523,더잘
35526,순수하고
35527,사랑스러운
35529,대단한
35531,멋있었습니다
35532,단단하고
35534,멋있고
35536,놀랬다고하더라구요
35538,좋겠네요
35539,좁은데
35540,좁고
35541,어두워서
35542,앙인데도
35543,아쉬웠습니다
35547,멋지십니다
35548,유명한
35549,이상한지
35550,시원하게
35552,있는게
35554,답답한
35557,부탁드립니다
35558,시원시원한
35559,아닌가요
35560,재밌어요
35561,반해
35562,멋져도
35563,불안했어요
35565,새로운
35566,있는게
35567,아니네요
35569,재미있게
35571,멀어서
35572,아쉽네요
35575,작아
35577,유명하고
35584,재밌어
35585,기대했던대로
35587,달라는지
35588,그럴거면
35590,환해야하는지
35591,비싼
35592,즐겁게
35594,괜찮네요
35596,신나는
35597,신선하고
35598,좋았네요
35599,강렬했습니다
35600,재밌는
35601,즐겁게
35602,행복했어요
35603,안좋은
35604,좋아하셨습니다
35606,좁긴
35608,넘치시고
35609,재밌어
35610,아니시더라구요
35611,멋있었어요
35613,시원시원하셔서
35614,좋아합니당
35617,신선하게
35619,신나는
35624,신납니다
35627,신납니다
35631,성장하게
35632,기대합니다
35633,넘치시나요
35635,재미있게
35636,아쉽지만
35637,재미있게
35639,아쉽긴
35640,완벽했다
35641,부럽고
35642,신났습니다
35643,멋졌습니다
35644,화려함은
35646,신나게
35647,멋진
35649,대단하시더라구요
35650,멋있어요
35651,반하고
35655,완벽했습니다
35656,놀랬네요
35657,격렬하게
35659,필요없죠
35660,짧지만
35661,엄청납니다
35662,미쳤어요
35665,없었어서
35666,있다는게
35668,신기했어요
35669,신선하고
35671,재밌었어요
35672,심하게
35675,있답니다
35676,만족해서
35677,좋아하는
35679,아니더라도
35681,강렬하게
35682,재밌어요
35685,적절하게
35686,즐거운
35687,강렬함
35689,만족스러웠습니다
35691,재밌네요
35692,가득해서
35694,같음
35697,그랬음
35698,좋아용
35699,단순하지만
35700,충분히
35701,대단합니다
35702,격렬하게
35703,자연스럽네요
35705,시원시원하고
35706,잘맞고
35707,조화로운
35708,멋진
35710,화려한
35711,짙은
35713,즐겁고
35714,신나는
35716,대단했어요
35717,습했어도
35718,멋짐으로
35719,화끈했습니다
35720,지루하진
35721,아니었습니다
35722,더라구요
35724,황홀한
35725,더해
35726,완벽한
35727,새로운
35728,신선한
35730,멋진
35731,완벽했습니다
35732,재밌어요
35733,짜릿했어요
35734,필요없네요
35735,있는것도
35736,아니라서
35740,신선했고
35741,재밌었습니다
35742,정확하게
35743,신기합니다
35744,재밌어요
35745,재밌어요
35748,새로운
35749,좋았지만
35750,있긴
35752,만족했습니다
35754,넘쳐서
35757,재밌어요
35759,기대했는데
35760,멋지고
35762,아닌데
35763,어마어마하고
35765,우아해
35766,지루하지
35767,좋구요
35771,미쳤음
35772,미쳤음
35773,스러울
35774,멋있고
35775,행복했어요
35776,재밌어요
35779,완벽하셔
35781,재밌어요
35782,좋았어서
35785,행복했어요
35787,완벽해요
35790,유명하셨어서
35792,귀엽다구요
35793,훌륭하니까
35794,좋아할
35796,있는거다
35798,믿음직하고
35799,얄미우셨어요
35800,귀여운
35804,아팠지만
35805,재밌었습니다
35808,좋았는데
35809,안되나요
35810,멋져요
35811,재미있어요
35814,재미있게
35815,치열할
35817,끊임없이
35818,너무한거
35819,아닌가요
35820,재밌습니다
35822,좋았네요
35825,아쉽네요
35827,많아
35830,기대하면서
35831,대단하십니다
35832,아쉬웠어요
35834,멋있어요
35837,재밌었고
35838,재밌는지
35840,재밌어요
35841,궁금했는데
35842,필요없는
35843,같았는데
35844,같지
35845,완벽했던
35847,작아서
35849,대단해요
35851,재밌어요
35852,재밌어요
35854,힘든
35857,좋았구요
35858,멋졌고
35859,신나면서도
35860,뭉클했어요
35861,행복하게
35862,아쉽네요
35863,어려워요
35867,많더라구요
35868,같았고
35870,색달랐어요
35873,새롭게
35875,좋아하는
35877,신선해요
35879,생생함이
35880,더하네요
35881,있었구요
35884,얄미울
35885,한심할
35887,사랑스러운
35890,번지르르하고
35891,있데
35892,차갑게
35896,슬픈
35897,아니에요
35898,멋있죠
35899,멋있으셨어요
35900,아쉬운건
35902,예쁘고
35903,섹시하기보단
35904,기괴해요
35905,그러는
35906,같던데
35907,좋아하는
35908,그랬어요
35909,붉은
35910,강렬해서인지
35911,위험한
35913,아쉬웠어요
35915,부족해서인지
35916,좋아하고
35918,만족했습니다
35919,즐거웠어요
35923,짜릿하고
35924,멋지고
35925,미쳤다
35926,훌륭합니다
35929,훌륭했습니다
35930,훌륭했는데
35933,습하랴
35934,훌륭했습니다
35935,화려한
35936,진부한
35937,오래된
35938,필요하지
35939,강한
35940,힘들었습니다
35941,많기에
35942,훌륭했습니다
35943,분한테도
35945,더웠어요
35946,화려하고
35947,재밌었어요
35948,대단하세요
35949,대단했어요
35952,재밌었어요
35953,즐거웠던
35954,고만하고
35955,대담하게
35959,미쳤어요
35962,아쉬운
35963,없다는
35965,신선한
35966,엄청나다
35968,가볍게
35969,없겠어요
35972,있다가
35973,기뻤어요
35974,아쉬운
35976,멋졌어요
35979,재밌습니다
35980,작은거
35982,반했습니다
35984,재미있었네요
35985,재밌어요
35986,사랑스럽고
35987,아니야
35988,부패한
35990,아니까
35992,간단히
35993,화려한
35994,풍부한
35996,단순히
35998,신기한
35999,완벽히
36001,미쳤고
36003,멋있으시잖아
36005,신기했던건
36006,깊다
36007,있는거
36009,이뻤다
36011,미친
36012,멋있었고
36013,적절히
36015,딱히
36016,매끄러웠고
36017,좋으니까
36018,아닌데
36019,심했다
36022,좋은데
36024,싫어하지
36025,올바른
36026,원해요
36030,노련함이
36031,아쉬웠어요
36035,죄송해요
36036,없으시고
36039,있어지더라고요
36040,대단하시고
36041,스럽습니다
36042,멀어서
36043,만족스러운
36044,작아서
36045,없다고
36046,아쉽네요
36048,궁금해지는
36050,안되나요
36051,있긴하지만
36052,다르니까
36053,궁금했는데
36055,없던
36056,재밌다고
36057,재밌어요
36058,지루하지
36059,완벽합니다
36060,안될까
36062,답답해하며
36064,부탁드려요
36066,아니구요
36067,기대한거구요
36068,기대하며
36069,실망했지만
36070,지루하고
36071,계실
36072,아니시라고
36073,번해서
36074,없으
36075,예쁜것만
36076,부탁드립니다
36077,멋지게
36079,있었을
36080,아쉬웠구요
36084,귀엽고
36085,솔직하고
36086,넘치는
36087,스러
36089,즐거웠고
36090,완벽했어요
36091,엄청난
36093,탁월한
36097,지루한
36099,귀엽고
36101,유명한
36102,높았는데
36103,만족했습니다
36104,멋지고
36105,섹시하고
36106,귀엽고
36108,아쉬웠지만
36109,커다란
36110,좋았네요
36111,좋게
36113,짱짱한
36117,얌전한
36118,많았던
36119,같아서요
36120,귀엽고
36121,사랑스러워요
36123,있을까요
36124,좋아하는
36126,깊었습니다
36127,자세히
36129,신기했어요
36130,친한게
36132,궁금해서
36133,미치게
36136,어색한
36138,재미있었습니다
36139,섹시하고
36140,재밌고
36141,많았던
36142,재밌었어요
36143,설렘을
36146,화려한
36147,아닌듯
36148,아까운
36151,재밌어요
36152,재밌는
36153,있는게
36154,아쉬웠습니다
36155,기대하던
36156,재밌는
36160,재밌고
36161,완벽하고
36162,기대했던
36163,재미있습니다
36164,섹시해서
36165,스러웠
36166,섹시한
36167,섹시함
36168,죄송해요
36169,완벽했던
36170,좋아하는
36171,사랑스러울
36174,순수하고
36175,가득한
36176,어느새
36177,재밌는
36181,신선하기도
36182,야하는
36185,있는것이
36186,특이했습니다
36187,훌륭해서
36188,좋아했지만
36189,엄청나게
36195,많은데
36198,계실지
36199,부족한
36200,뜨거운
36201,유명하고
36202,다르니까
36203,궁금해서
36204,독특한
36205,굉장한
36206,훌륭한
36207,설렜습니다
36210,충실했습니다
36212,흥미로웠다
36213,멋있어서
36215,강렬하거나
36216,섹시함
36217,귀여운
36218,얄미운
36219,신선했고
36220,아쉬웠다
36221,뻔한
36224,없다는듯이
36225,멋지게
36226,급하게
36227,서글프고
36228,자연스러워서
36229,사랑스러워서
36230,타락했지만
36231,행복해진
36232,있었던거
36235,신선했습니다
36236,더해진
36238,계신것도
36239,새로웠습니다
36241,있다는것도
36242,흥미로웠구요
36243,유명하신
36245,까만
36246,사랑스러운데
36248,나쁜
36249,뛰어난
36254,진귀했고
36255,아쉽지만
36256,화려한
36258,화려함의
36260,안되는
36261,힘들
36263,진한
36265,어려운게
36268,멋있고
36269,완벽하셨어요
36270,완벽했던
36271,야할지
36272,화려함이
36274,섹시하고
36276,궁금해서
36277,아파
36278,재밌고
36279,훌륭했습니다
36280,심심할
36281,같다는
36284,안되게
36286,귀엽고
36288,신나게
36290,궁금했는데
36291,실망할까
36292,재미있게
36293,재미있게
36294,즐거웠어요
36295,행복했어요
36297,귀엽고
36298,예쁘세요
36299,멋졌
36304,황홀하게
36305,행복하다
36307,행복한
36308,고맙습니다
